0.0190922	0	0.95461	0.0007291	0.0482148	0.000534901
0.019244	1	0.9622	0.000390366	0.0400717	0.000273758
0.0192385	2	0.961927	0.000416339	0.0396917	0.000298801
0.0192268	3	0.961341	0.000221068	0.0404328	0.000192481
0.0192226	4	0.961129	0.00045112	0.0406528	0.000343376
0.0191588	5	0.957942	0.000444063	0.0478991	0.000342195
0.0191757	6	0.958786	0.00145152	0.047366	0.00110565
0.0191321	7	0.956604	0.00059603	0.0423559	0.000483915
0.0191769	8	0.958847	0.000518533	0.0419326	0.000436319
0.0191307	9	0.956534	0.000516235	0.0423287	0.000417159
0.019192	10	0.959598	0.000898643	0.0413282	0.000683303
0.0191893	11	0.959466	0.000810333	0.0402568	0.000597216
0.0191569	12	0.957847	0.000409911	0.0404413	0.000331874
0.0191842	13	0.959212	0.000429918	0.0406059	0.000341224
0.0191781	14	0.958905	0.000383733	0.0394719	0.000311488
0.019189	15	0.959448	0.000361565	0.0398352	0.000294226
0.0191971	16	0.959853	0.000355151	0.0381305	0.000282615
0.019191	17	0.959549	0.000334258	0.0391241	0.000266992
0.0191942	18	0.959711	0.000333662	0.0393566	0.000263596
0.0192006	19	0.960032	0.000312839	0.0386551	0.000250973
0.019191	20	0.959552	0.000319354	0.0387896	0.000250726
0.0191903	21	0.959515	0.000315697	0.0382399	0.000246241
0.019187	22	0.959352	0.000308906	0.0391746	0.000242844
0.0192179	23	0.960897	0.0003052	0.0385147	0.000238666
0.0192174	24	0.960868	0.000282137	0.038351	0.000225007
0.0191833	25	0.959165	0.000286467	0.0390989	0.000227281
0.0191708	26	0.958541	0.000299553	0.0398934	0.000234992
0.0192006	27	0.960031	0.000301296	0.0388409	0.000239924
0.0286975	0	0.956583	0.000342333	0.0463252	0.000334
0.0289171	1	0.963902	0.000338435	0.0365806	0.000292577
0.0289614	2	0.965381	0.000173557	0.0347223	0.000155251
0.0289601	3	0.965336	0.000175125	0.0346155	0.00015644
0.0289038	4	0.96346	0.000185868	0.037547	0.000165756
0.0287859	5	0.959531	0.000178249	0.0471591	0.000188697
0.0287686	6	0.958954	0.00134633	0.0459317	0.00109536
0.0287379	7	0.95793	0.000985405	0.0412237	0.000735182
0.028809	8	0.960302	0.000840543	0.0381867	0.000636976
0.0288271	9	0.960904	0.000407248	0.0381897	0.000352359
0.0288401	10	0.961335	0.000401743	0.0376653	0.000338104
0.0288436	11	0.961454	0.000691944	0.0357822	0.000520741
0.0289118	12	0.963728	0.000331205	0.0353478	0.00028828
0.0288656	13	0.962186	0.000337991	0.0356299	0.000279319
0.028882	14	0.962733	0.000314572	0.0358874	0.000263595
0.0289119	15	0.96373	0.000295901	0.0353611	0.000250234
0.0288653	16	0.962176	0.000300429	0.0356172	0.000246788
0.0289107	17	0.963689	0.000286038	0.0343993	0.000235448
0.0289319	18	0.964396	0.000535502	0.0339552	0.00040248
0.0289197	19	0.963991	0.00025507	0.0339583	0.000212074
0.0289083	20	0.963609	0.000257084	0.0343194	0.000211812
0.0289117	21	0.963724	0.000243016	0.0339134	0.000196962
0.0289264	22	0.964215	0.000247519	0.0345111	0.000200281
0.028874	23	0.962466	0.000257086	0.0353226	0.000205631
0.0289237	24	0.964122	0.000431607	0.0335001	0.000315039
0.0289113	25	0.963709	0.000232116	0.0341267	0.000189756
0.0288742	26	0.962472	0.000451744	0.0346912	0.00032889
0.0288985	27	0.963284	0.000233627	0.0347085	0.000194102
0.0383678	0	0.959194	0.000269223	0.0424371	0.000282289
0.0387062	1	0.967654	0.000134425	0.0313249	0.000129363
0.0387147	2	0.967868	0.000333572	0.0301508	0.000257618
0.0387244	3	0.96811	0.000149492	0.0309177	0.000141383
0.0386603	4	0.966506	0.000140256	0.0324388	0.000134307
0.0385193	5	0.962982	0.000167979	0.0422128	0.000198688
0.0383675	6	0.959188	0.000513509	0.0438349	0.000570534
0.0384693	7	0.961732	0.000438695	0.0368583	0.000401691
0.0384762	8	0.961905	0.000371996	0.0357462	0.000342666
0.0384221	9	0.960554	0.000426946	0.0367962	0.000365066
0.0385811	10	0.964527	0.000693218	0.0328742	0.000511933
0.038556	11	0.9639	0.00032142	0.0333566	0.000279671
0.0385667	12	0.964167	0.000301415	0.032627	0.00026066
0.0385371	13	0.963427	0.000317155	0.0340059	0.000265123
0.0385396	14	0.96349	0.000289057	0.0345847	0.000241972
0.0385463	15	0.963657	0.000303852	0.0339362	0.000251272
0.0385884	16	0.964709	0.000256651	0.0333292	0.000216918
0.0385889	17	0.964722	0.000287391	0.0329074	0.000234664
0.0385704	18	0.964259	0.000275973	0.0334181	0.000223713
0.0386003	19	0.965007	0.000241709	0.0324099	0.000196182
0.0385958	20	0.964895	0.000239694	0.0335889	0.000195606
0.0385858	21	0.964646	0.000232512	0.0328791	0.000188874
0.0385941	22	0.964852	0.000244637	0.0327956	0.000198115
0.03861	23	0.96525	0.000414817	0.0333613	0.000295292
0.0385942	24	0.964855	0.000223591	0.0333447	0.000180298
0.0386085	25	0.965212	0.000226988	0.0330946	0.000185654
0.0385651	26	0.964128	0.000240376	0.0333536	0.000194832
0.0385661	27	0.964153	0.000229622	0.0335521	0.000184789
0.0574143	0	0.956905	0.000673303	0.0428635	0.000501357
0.0581359	1	0.968932	0.00029419	0.0286844	0.000221958
0.058193	2	0.969883	0.000120439	0.0278937	0.000118924
0.0581674	3	0.969457	0.000118807	0.0282879	0.000119224
0.0580571	4	0.967619	0.000309943	0.0306225	0.000231133
0.0576277	5	0.960462	0.000456439	0.0433151	0.000377006
0.0570554	6	0.950923	0.00064411	0.0529952	0.000697136
0.057779	7	0.962983	0.000917627	0.034543	0.000698179
0.0577538	8	0.962564	0.00032624	0.0336767	0.000303388
0.0577105	9	0.961842	0.000328302	0.0329459	0.000286855
0.0577865	10	0.963108	0.000326828	0.0331751	0.000286023
0.0578873	11	0.964788	0.000600416	0.030553	0.000425398
0.0578371	12	0.963951	0.00026604	0.0306796	0.000230661
0.0579404	13	0.965673	0.000259129	0.0308875	0.000226171
0.0579511	14	0.965852	0.000502001	0.0295498	0.000356187
0.0580313	15	0.967189	0.000476416	0.0281814	0.000358451
0.0580065	16	0.966774	0.000226246	0.0291156	0.000193271
0.0580253	17	0.967088	0.000215248	0.029016	0.000183794
0.0580985	18	0.968307	0.000442269	0.0280062	0.000324274
0.0581091	19	0.968485	0.00018864	0.0275016	0.000164633
0.0581301	20	0.968835	0.000184539	0.0276526	0.000162637
0.0581288	21	0.968813	0.000192019	0.0281047	0.000163134
0.0581121	22	0.968536	0.000189265	0.027978	0.000160086
0.0580863	23	0.968104	0.000196327	0.0300293	0.000161838
0.0581522	24	0.969203	0.00038491	0.027148	0.00028481
0.0581379	25	0.968964	0.000178854	0.027828	0.000152206
0.05801	26	0.966833	0.000367196	0.0300408	0.000256928
0.0580861	27	0.968102	0.000179757	0.0286732	0.00015547
0.0764076	0	0.955095	0.00063006	0.0424961	0.000473134
0.0774846	1	0.968558	0.000284734	0.0284516	0.000204536
0.0776024	2	0.97003	0.000108373	0.0272031	0.00010979
0.0774682	3	0.968353	0.000300245	0.0282898	0.000216292
0.0774057	4	0.967571	0.000110851	0.0300903	0.000113523
0.0768953	5	0.961192	0.000154715	0.0406211	0.000203159
0.0761551	6	0.951938	0.000505748	0.050272	0.000655994
0.0770745	7	0.963432	0.000905677	0.0344576	0.000709076
0.0768679	8	0.960849	0.000703735	0.0337854	0.000508025
0.0770246	9	0.962807	0.000658031	0.0324959	0.000458994
0.0770708	10	0.963384	0.000273074	0.0312499	0.000244104
0.0772087	11	0.965109	0.000585204	0.0311775	0.00041368
0.0773093	12	0.966366	0.000223404	0.0281129	0.000211319
0.0772383	13	0.965478	0.000241897	0.029675	0.000211608
0.0773	14	0.96625	0.000501985	0.0292639	0.000360172
0.0773224	15	0.96653	0.000219021	0.0288196	0.000190924
0.0773462	16	0.966827	0.000213966	0.0289538	0.000185132
0.0773859	17	0.967324	0.000197264	0.0278262	0.000170212
0.077532	18	0.96915	0.000421104	0.0266173	0.00031849
0.0774498	19	0.968122	0.000399081	0.0279047	0.000281126
0.0773415	20	0.966769	0.000208939	0.0293254	0.000170457
0.0773712	21	0.96714	0.000202929	0.0292446	0.000165961
0.0774053	22	0.967566	0.00035218	0.028989	0.000254499
0.0774634	23	0.968293	0.000196562	0.0290102	0.000160779
0.077581	24	0.969762	0.000358156	0.0265026	0.000256105
0.0775389	25	0.969236	0.000162253	0.0265721	0.000140018
0.0774911	26	0.968638	0.000163895	0.0269268	0.000143181
0.0774598	27	0.968247	0.000165976	0.0272718	0.000144299
0.0953816	0	0.953816	0.000623765	0.042055	0.000487686
0.0967334	1	0.967334	0.000108946	0.0288366	0.000109209
0.0969484	2	0.969484	0.000104928	0.0265157	0.000105447
0.0968038	3	0.968038	0.000301231	0.0276294	0.00021047
0.0965536	4	0.965536	0.000288429	0.0298481	0.000197388
0.0957098	5	0.957098	0.000542687	0.0427159	0.000498484
0.0952236	6	0.952236	0.000545838	0.0519486	0.000735766
0.0957792	7	0.957792	0.000872698	0.036747	0.00060874
0.0960408	8	0.960408	0.000766569	0.0332066	0.000514585
0.0961542	9	0.961542	0.000302878	0.03117	0.00026362
0.0961679	10	0.961679	0.000285655	0.0312287	0.000247756
0.0963641	11	0.963641	0.000255217	0.0291966	0.000229655
0.096467	12	0.96467	0.000578181	0.0290819	0.000411307
0.0964021	13	0.964021	0.000488633	0.0302634	0.000361851
0.0965176	14	0.965176	0.000489485	0.0287362	0.00033433
0.0964843	15	0.964843	0.000436438	0.0294714	0.000327165
0.0965985	16	0.965985	0.000214968	0.0279459	0.000184405
0.09668	17	0.9668	0.000426719	0.0278512	0.000291934
0.0967797	18	0.967797	0.000417771	0.0268195	0.000302388
0.0968953	19	0.968953	0.000400027	0.0266107	0.000275125
0.0966327	20	0.966327	0.000367813	0.0291761	0.00027368
0.0968326	21	0.968327	0.000382559	0.0257333	0.000276627
0.0967396	22	0.967396	0.00034765	0.027833	0.000235452
0.0968673	23	0.968673	0.000165967	0.0264373	0.000143534
0.0967022	24	0.967022	0.000347109	0.0283581	0.000230961
0.0966011	25	0.966011	0.000190378	0.0290009	0.000154997
0.0967937	26	0.967936	0.000374847	0.0264714	0.00026487
0.0967142	27	0.967142	0.000356634	0.0271874	0.000240681
0.142365	0	0.949101	0.000641287	0.043454	0.000504194
0.145082	1	0.967212	0.000288406	0.0295004	0.000206921
0.145494	2	0.969957	0.000301949	0.0274379	0.000217363
0.145349	3	0.968991	0.000108317	0.028403	0.000115146
0.144711	4	0.964738	0.000291972	0.0313115	0.000211452
0.142758	5	0.951721	0.000536206	0.0484194	0.000447781
0.140608	6	0.937384	0.000706621	0.0628358	0.000834118
0.143389	7	0.955925	0.000856046	0.0372391	0.000790846
0.143724	8	0.958157	0.000669856	0.0328212	0.00048538
0.144183	9	0.961222	0.000652625	0.0313357	0.000442138
0.144504	10	0.963359	0.000617865	0.0294923	0.000441132
0.144607	11	0.964045	0.000242454	0.0292358	0.00022047
0.144539	12	0.96359	0.000257572	0.0302898	0.000224668
0.144731	13	0.964872	0.00023367	0.0284711	0.000206938
0.144856	14	0.965705	0.000215656	0.0283981	0.000189549
0.144984	15	0.966563	0.000205497	0.0281503	0.000182282
0.145138	16	0.967587	0.00043947	0.0260005	0.000314672
0.145281	17	0.968539	0.000419767	0.0254881	0.00028615
0.145351	18	0.969005	0.000409075	0.0251971	0.00032739
0.145401	19	0.969343	0.000168623	0.0258085	0.000154221
0.145345	20	0.968966	0.000164952	0.0263438	0.000147591
0.145435	21	0.969567	0.000169931	0.0257656	0.000150897
0.145589	22	0.970595	0.000360719	0.0241244	0.000304721
0.145464	23	0.969761	0.000159125	0.0250283	0.000141878
0.145409	24	0.96939	0.000340574	0.0266465	0.000237213
0.145448	25	0.969654	0.000349012	0.0256495	0.000262332
0.145353	26	0.969017	0.000165427	0.0251395	0.000145338
0.145348	27	0.968987	0.000165216	0.0254482	0.000147166
0.189983	0	0.949916	0.000696644	0.043282	0.000524495
0.193501	1	0.967505	0.000301576	0.0312789	0.000227532
0.194006	2	0.970028	0.000319193	0.0292095	0.000239137
0.193812	3	0.96906	0.000325365	0.0301404	0.000246292
0.193057	4	0.965284	0.000315072	0.0327685	0.00023502
0.189862	5	0.94931	0.000599547	0.0522979	0.000524559
0.186878	6	0.93439	0.000637138	0.0681589	0.000830747
0.190558	7	0.952792	0.00086615	0.0399225	0.000755526
0.192257	8	0.961287	0.000260425	0.0289925	0.000262023
0.19254	9	0.9627	0.000659813	0.0276962	0.000525398
0.192591	10	0.962955	0.000280591	0.0278747	0.000253976
0.192491	11	0.962456	0.000519085	0.0297839	0.000359239
0.19306	12	0.965302	0.000531432	0.0277802	0.000356376
0.192949	13	0.964745	0.000224711	0.0288375	0.00019818
0.193012	14	0.965059	0.000222868	0.0286667	0.000193496
0.193219	15	0.966093	0.000458285	0.0275108	0.000326136
0.193469	16	0.967344	0.000443578	0.0269054	0.000317761
0.193469	17	0.967343	0.000185026	0.0266353	0.000164121
0.193511	18	0.967553	0.000190543	0.0274316	0.000165995
0.193457	19	0.967287	0.000204578	0.0285867	0.00017238
0.193388	20	0.966941	0.000213739	0.028439	0.00017664
0.193875	21	0.969377	0.000373058	0.0258989	0.000265339
0.193885	22	0.969426	0.00015988	0.0261985	0.000142633
0.19391	23	0.969548	0.000358795	0.0251631	0.000277094
0.193985	24	0.969923	0.000151577	0.0252512	0.000136643
0.193872	25	0.96936	0.000159426	0.0252303	0.000142957
0.193714	26	0.968571	0.000361781	0.026214	0.000266857
0.193664	27	0.968318	0.000160216	0.0260533	0.000142748
0.283755	0	0.945851	0.000675141	0.0511185	0.00075305
0.289312	1	0.964374	0.000320964	0.0387788	0.000322545
0.290619	2	0.968729	0.000359968	0.0358512	0.000332302
0.290338	3	0.967794	9.28596e-05	0.0377626	0.000136371
0.290206	4	0.967353	0.000373769	0.0321625	0.000365917
0.283343	5	0.944476	0.000642374	0.0604325	0.000736833
0.276952	6	0.923174	0.000679814	0.0763747	0.000937597
0.285051	7	0.950169	0.000833499	0.0406593	0.000660185
0.287127	8	0.957089	0.000283447	0.0307761	0.00027249
0.287741	9	0.959136	0.000666231	0.0302686	0.000493996
0.288073	10	0.960242	0.000265503	0.0306656	0.000246601
0.288047	11	0.960156	0.000298839	0.0305346	0.000258432
0.288862	12	0.962875	0.000539917	0.0292093	0.000393298
0.289391	13	0.964636	0.000200461	0.0265438	0.000192622
0.289484	14	0.964945	0.000201514	0.0258381	0.000188721
0.28933	15	0.964432	0.000435382	0.0283993	0.000293761
0.289662	16	0.965541	0.000193338	0.0283821	0.000172385
0.289473	17	0.964909	0.000197717	0.0283707	0.00016841
0.28946	18	0.964868	0.000234753	0.0293214	0.00019662
0.290006	19	0.966686	0.000183124	0.0282444	0.000158241
0.290179	20	0.967262	0.000375239	0.0273134	0.000265357
0.29035	21	0.967834	0.000366303	0.0263339	0.000272947
0.290047	22	0.966824	0.000346079	0.0277896	0.000238638
0.290491	23	0.968303	0.000349624	0.026423	0.000241767
0.290273	24	0.967576	0.000162764	0.0268508	0.000142422
0.290287	25	0.967624	0.000157602	0.0264604	0.000139385
0.289898	26	0.966325	0.000345699	0.0284057	0.000231777
0.29011	27	0.967033	0.000358705	0.0274044	0.000251415
0.376098	0	0.940244	0.00034633	0.0561949	0.000486856
0.383872	1	0.95968	0.000325735	0.0454101	0.000424018
0.385868	2	0.96467	9.28939e-05	0.0429508	0.000140794
0.385285	3	0.963212	9.7868e-05	0.0460091	0.000151782
0.386083	4	0.965206	0.000434515	0.0396372	0.000449557
0.3751	5	0.93775	0.000162888	0.0710283	0.00028904
0.365613	6	0.914034	0.00192514	0.0806966	0.002287
0.378348	7	0.945871	0.000868233	0.0410191	0.000615641
0.381937	8	0.954843	0.000643115	0.0325288	0.000453244
0.382307	9	0.955767	0.000600283	0.0330466	0.00043179
0.382616	10	0.956541	0.000560071	0.0321673	0.000396295
0.383566	11	0.958916	0.000552462	0.0300843	0.000385307
0.383719	12	0.959297	0.000250264	0.0309266	0.000218085
0.384224	13	0.960561	0.00046635	0.0298785	0.000322005
0.38413	14	0.960326	0.000255781	0.0298038	0.000215506
0.384494	15	0.961236	0.000246425	0.0305057	0.000210114
0.384973	16	0.962432	0.000226527	0.0298505	0.000191684
0.385381	17	0.963452	0.000407098	0.0281858	0.000282215
0.385448	18	0.963619	0.000190993	0.0287668	0.000161258
0.385883	19	0.964708	0.000360246	0.0275071	0.000243368
0.385748	20	0.96437	0.000180916	0.0282159	0.000150917
0.385576	21	0.963939	0.000187987	0.0288521	0.000154269
0.385856	22	0.964639	0.000177198	0.0282468	0.000144957
0.386051	23	0.965127	0.000342194	0.0270752	0.000239069
0.385416	24	0.96354	0.000187085	0.0287367	0.000149828
0.385549	25	0.963873	0.000170992	0.0283667	0.000138298
0.385247	26	0.963119	0.000200839	0.028957	0.000163128
0.385274	27	0.963186	0.000343291	0.0281975	0.000234291
0.559629	0	0.932715	0.00024203	0.0610276	0.000342966
0.57289	1	0.954817	0.000374153	0.0439674	0.000343251
0.576022	2	0.960037	9.39808e-05	0.0422347	0.000153193
0.575165	3	0.958608	9.89246e-05	0.04423	0.000160286
0.57136	4	0.952267	0.000412325	0.0514166	0.000454007
0.552239	5	0.920398	0.000186497	0.0800149	0.000269811
0.54149	6	0.902484	0.000647582	0.075019	0.000758011
0.564089	7	0.940148	0.000772827	0.0395934	0.000553989
0.569144	8	0.948574	0.000627803	0.0336836	0.000585142
0.570638	9	0.951064	0.000559883	0.0321982	0.000404045
0.571638	10	0.952731	0.000556675	0.030705	0.00038189
0.572191	11	0.953651	0.000256291	0.0301175	0.000214351
0.572685	12	0.954476	0.000253242	0.0302125	0.000207098
0.57402	13	0.956701	0.000450719	0.0284507	0.000310213
0.573987	14	0.956646	0.000212055	0.0281219	0.000172606
0.573886	15	0.956476	0.00021654	0.0287049	0.000169376
0.574368	16	0.957279	0.000382538	0.028405	0.00027281
0.574302	17	0.95717	0.000203215	0.028292	0.000155412
0.575016	18	0.95836	0.000199776	0.027865	0.000153574
0.57447	19	0.95745	0.000196882	0.0284328	0.0001489
0.575513	20	0.959188	0.000341206	0.027342	0.000220443
0.575304	21	0.958841	0.000182488	0.0276944	0.000136171
0.575025	22	0.958375	0.000178833	0.0277372	0.000130967
0.574947	23	0.958245	0.000180205	0.0277459	0.000131434
0.575247	24	0.958745	0.00031445	0.0274331	0.000199754
0.575338	25	0.958897	0.000171692	0.0277267	0.000125907
0.574461	26	0.957436	0.000182273	0.0280662	0.000132693
0.574471	27	0.957452	0.000179247	0.0279626	0.000129542
0.73929	0	0.924113	0.000285195	0.058296	0.000344075
0.756256	1	0.945321	0.000360895	0.0428357	0.000252191
0.759459	2	0.949324	0.000400644	0.0424634	0.000298147
0.757868	3	0.947335	0.000140971	0.0445944	0.000156301
0.754963	4	0.943704	0.000134401	0.0491459	0.000159391
0.729288	5	0.91161	0.000195204	0.0714342	0.000229215
0.715499	6	0.894374	0.000671824	0.0720785	0.000700367
0.749245	7	0.936557	0.000715898	0.0356481	0.000469869
0.755357	8	0.944196	0.000694253	0.0317642	0.000523381
0.757438	9	0.946798	0.000566176	0.031641	0.000378563
0.758282	10	0.947853	0.00026928	0.030103	0.000207509
0.758923	11	0.948653	0.000256625	0.0300908	0.000191931
0.760532	12	0.950665	0.000459526	0.0287008	0.000292499
0.760631	13	0.950789	0.000230541	0.0284734	0.000172175
0.760695	14	0.950868	0.000230949	0.0285217	0.000168528
0.762499	15	0.953123	0.000404635	0.0279809	0.000279576
0.762255	16	0.952818	0.000210381	0.0279416	0.000150573
0.763155	17	0.953943	0.000201683	0.0273018	0.000147084
0.763231	18	0.954039	0.00019229	0.0270807	0.00013668
0.763839	19	0.954799	0.00033473	0.0270146	0.000205291
0.763284	20	0.954104	0.00019002	0.0272912	0.000134203
0.764013	21	0.955016	0.000325369	0.0269551	0.000192787
0.763572	22	0.954465	0.000180968	0.0270992	0.000127617
0.764297	23	0.955371	0.000314084	0.0268528	0.000199601
0.764367	24	0.955459	0.000174897	0.0269975	0.000122944
0.763874	25	0.954842	0.000171869	0.0267762	0.000120639
0.762766	26	0.953457	0.000182921	0.0277667	0.000127491
0.763144	27	0.953929	0.000180779	0.0272356	0.000126861
0.925186	0	0.925186	0.000702597	0.0562916	0.00056311
0.939745	1	0.939745	0.000138246	0.0399512	0.000111704
0.941905	2	0.941905	0.000147581	0.0406016	0.000121853
0.939985	3	0.939985	0.000154095	0.0417308	0.000125564
0.936044	4	0.936044	0.000141087	0.0450976	0.000122515
0.906777	5	0.906777	0.000493187	0.0630033	0.00029556
0.889045	6	0.889045	0.00160316	0.0680207	0.00110207
0.93232	7	0.93232	0.00034718	0.0340129	0.000251404
0.941564	8	0.941564	0.00029442	0.0302032	0.00021847
0.942706	9	0.942706	0.0002869	0.0299658	0.000205916
0.945968	10	0.945968	0.000471539	0.0282654	0.000310032
0.946215	11	0.946215	0.000257318	0.0284148	0.00018603
0.94753	12	0.94753	0.000437853	0.0281788	0.000281246
0.948666	13	0.948666	0.000229689	0.0277927	0.000164168
0.950171	14	0.950171	0.000223063	0.0273416	0.000160164
0.950892	15	0.950892	0.000211655	0.0269071	0.000150354
0.950889	16	0.950889	0.000209071	0.0269789	0.000146992
0.952211	17	0.952211	0.000362311	0.0261441	0.000226006
0.952368	18	0.952368	0.000352938	0.0262397	0.00022412
0.952525	19	0.952525	0.000189736	0.0264412	0.000133234
0.95325	20	0.95325	0.000181995	0.0260344	0.000127129
0.953472	21	0.953472	0.000329638	0.0262642	0.000194301
0.954032	22	0.954032	0.000175941	0.0256512	0.000122198
0.953833	23	0.953833	0.000176171	0.0262851	0.000123564
0.953759	24	0.953759	0.000173692	0.0263097	0.000122241
0.953685	25	0.953685	0.000169372	0.0260979	0.000117859
0.952695	26	0.952695	0.000177047	0.0264101	0.000123765
0.95233	27	0.95233	0.000176361	0.0263538	0.00012318
1.10579	0	0.921493	0.000622243	0.0546027	0.000503031
1.12462	1	0.937182	0.000307869	0.0381623	0.000176516
1.1276	2	0.939666	0.000144394	0.0384603	0.000111722
1.12493	3	0.937441	0.000148741	0.0396182	0.000112841
1.11962	4	0.933018	0.000339905	0.0427562	0.000192566
1.08669	5	0.905578	0.00044155	0.0584907	0.000257187
1.06603	6	0.888359	0.00145543	0.0622982	0.000891586
1.11833	7	0.931942	0.000614935	0.032369	0.00038122
1.12739	8	0.939493	0.00055482	0.029302	0.000307581
1.12919	9	0.940988	0.000282425	0.0291623	0.00020063
1.13261	10	0.943845	0.000465674	0.0278395	0.000281615
1.13437	11	0.945309	0.000470665	0.027407	0.000295966
1.13535	12	0.946126	0.000238822	0.026799	0.000169982
1.13675	13	0.947289	0.000224303	0.0267834	0.000157587
1.13784	14	0.948203	0.000224168	0.0264217	0.000160158
1.13939	15	0.949489	0.000382472	0.0258378	0.000230353
1.14013	16	0.950108	0.000196523	0.0256138	0.000137317
1.14129	17	0.951075	0.000371596	0.025264	0.00021421
1.1417	18	0.951415	0.000191363	0.025643	0.000135785
1.14186	19	0.951546	0.000183745	0.0254764	0.000127878
1.14271	20	0.95226	0.000333514	0.0255736	0.000199237
1.14287	21	0.952392	0.000179146	0.025642	0.000125963
1.14272	22	0.95227	0.000313888	0.0256887	0.00017796
1.14272	23	0.952271	0.000175111	0.0258016	0.000123056
1.14252	24	0.952098	0.000168662	0.0252671	0.000117034
1.1423	25	0.951918	0.000312398	0.0260511	0.000179208
1.14168	26	0.951399	0.000177612	0.025768	0.000126186
1.1413	27	0.95108	0.000175758	0.0261563	0.000122335
1.28861	0	0.920436	0.000583072	0.0540648	0.000503771
1.30965	1	0.935465	0.000278571	0.0366224	0.000159131
1.3128	2	0.937717	0.000144392	0.0370095	0.00010766
1.31037	3	0.935977	0.000145639	0.0377336	0.000106731
1.30367	4	0.931194	0.00031402	0.0410673	0.000176921
1.26633	5	0.904523	0.000412419	0.0553873	0.000238584
1.24558	6	0.889701	0.00129472	0.0583475	0.000857629
1.30313	7	0.930806	0.000585442	0.0304207	0.000362108
1.31266	8	0.937614	0.000511968	0.0284202	0.000303408
1.31581	9	0.939862	0.000272352	0.0281066	0.000190118
1.31792	10	0.941375	0.000498423	0.0274329	0.000291375
1.32136	11	0.943827	0.00045645	0.0267026	0.000266414
1.32231	12	0.944508	0.000237545	0.0269286	0.000166794
1.32401	13	0.945718	0.000408674	0.0261983	0.000248481
1.326	14	0.947145	0.000384196	0.0255793	0.000218576
1.32812	15	0.948661	0.000376546	0.0252052	0.000216933
1.32841	16	0.948863	0.000201685	0.0256085	0.000142043
1.3298	17	0.949855	0.000363957	0.0250122	0.000213533
1.32998	18	0.949988	0.000188541	0.0250657	0.000133211
1.33104	19	0.950746	0.000179938	0.0248164	0.000126167
1.33151	20	0.951079	0.000181897	0.0252932	0.000127928
1.3318	21	0.951287	0.000325184	0.0249637	0.000193949
1.33185	22	0.951323	0.000172227	0.0249894	0.000119771
1.33223	23	0.951591	0.000169801	0.0250254	0.000119373
1.33199	24	0.951418	0.000168103	0.0249165	0.000118875
1.3316	25	0.951142	0.000170298	0.0254311	0.000120868
1.33146	26	0.95104	0.000175643	0.0255739	0.000125723
1.33063	27	0.950453	0.000172888	0.0253161	0.000122839
1.47378	0	0.92111	0.000609381	0.0518307	0.00050234
1.49618	1	0.935111	0.000268036	0.0349528	0.000153141
1.49955	2	0.937216	0.000138991	0.0354711	0.000102053
1.49672	3	0.935447	0.000141993	0.0359762	0.000102668
1.48807	4	0.930046	0.000297318	0.039069	0.000167705
1.44739	5	0.904622	0.000396974	0.0523375	0.000229926
1.41569	6	0.884803	0.00126758	0.0574361	0.0007942
1.48701	7	0.929382	0.0003114	0.0294599	0.000217891
1.49972	8	0.937326	0.000521001	0.0274979	0.000308261
1.50377	9	0.939858	0.000483106	0.0269509	0.000258147
1.50544	10	0.940899	0.000454695	0.0264911	0.000271925
1.50821	11	0.94263	0.000445264	0.025951	0.000261081
1.51092	12	0.944326	0.000228734	0.0258453	0.000161006
1.5118	13	0.944875	0.000402685	0.0256277	0.000238161
1.51438	14	0.946487	0.000392099	0.0254876	0.000220245
1.51492	15	0.946825	0.000378139	0.0251684	0.000221172
1.51763	16	0.94852	0.000361033	0.0250792	0.000217719
1.51753	17	0.948457	0.000348264	0.0249445	0.000207429
1.51926	18	0.949535	0.000328378	0.0241694	0.000201095
1.52054	19	0.950337	0.00018012	0.0246248	0.000127385
1.52004	20	0.950022	0.000178503	0.0246512	0.000125858
1.52096	21	0.950603	0.000316582	0.0244494	0.000183188
1.52165	22	0.95103	0.000170502	0.0242985	0.000121355
1.52171	23	0.951069	0.000323442	0.0245826	0.000193131
1.52044	24	0.950278	0.000305837	0.0249609	0.000172919
1.5214	25	0.950878	0.000168856	0.0251137	0.000121704
1.52021	26	0.950132	0.000173823	0.0251594	0.00012398
1.52012	27	0.950072	0.000175988	0.0252546	0.000127074
1.6574	0	0.920775	0.000208216	0.0503687	0.000248312
1.68149	1	0.934159	0.000130288	0.0336419	9.51372e-05
1.68444	2	0.935798	0.000280561	0.0347568	0.000159136
1.6821	3	0.934503	0.000141476	0.0349571	0.000101383
1.67285	4	0.929362	0.000281868	0.0376901	0.000164659
1.62747	5	0.904151	0.000363794	0.0500834	0.00022088
1.59231	6	0.884619	0.00055542	0.0550483	0.000494763
1.67276	7	0.929309	0.000580096	0.0287013	0.000330191
1.68424	8	0.935689	0.000517197	0.0271828	0.000326627
1.68831	9	0.937948	0.000493721	0.0267957	0.000275946
1.69195	10	0.939971	0.000466973	0.0259986	0.000252297
1.69521	11	0.941786	0.000451632	0.0253104	0.000254711
1.69573	12	0.942072	0.000228381	0.025622	0.000160777
1.69947	13	0.94415	0.000390617	0.0251641	0.000231543
1.7009	14	0.944945	0.000211272	0.0248199	0.000149907
1.70089	15	0.944938	0.000202989	0.0250298	0.000140034
1.705	16	0.947223	0.000367766	0.0245779	0.000234805
1.70658	17	0.948098	0.000191639	0.0246804	0.000138151
1.70779	18	0.948772	0.000339495	0.0244191	0.000213575
1.7082	19	0.948999	0.000179807	0.024484	0.000127108
1.70949	20	0.949718	0.000178015	0.024697	0.000126764
1.71	21	0.950001	0.000171348	0.0241311	0.000122793
1.71008	22	0.950047	0.000172767	0.0246268	0.000123863
1.70995	23	0.949973	0.000170141	0.0246628	0.000121146
1.711	24	0.950556	0.000167793	0.0249791	0.000120268
1.71084	25	0.950469	0.000165483	0.0246111	0.000119601
1.7097	26	0.949832	0.000302047	0.024999	0.000199531
1.70917	27	0.94954	0.000174535	0.0249105	0.000127974
1.83106	0	0.91553	0.000562885	0.0521184	0.000456942
1.86507	1	0.932533	0.000251292	0.0329601	0.000144972
1.86957	2	0.934785	0.000139673	0.0332965	0.00010195
1.86778	3	0.933888	0.000140101	0.0337041	0.000101428
1.85769	4	0.928846	0.000269848	0.0360053	0.000152344
1.79434	5	0.897171	0.000350853	0.0494967	0.000199056
1.75251	6	0.876253	0.00120875	0.0560497	0.000714909
1.8562	7	0.928102	0.000543665	0.0284382	0.000303047
1.86379	8	0.931893	0.00051321	0.0280237	0.000280109
1.85825	9	0.929124	0.000556149	0.0307544	0.000313937
1.86724	10	0.933619	0.000507588	0.0292986	0.000283386
1.87208	11	0.936039	0.000460854	0.0279702	0.000269065
1.86909	12	0.934543	0.000496886	0.0306325	0.000309537
1.8803	13	0.940148	0.00023003	0.0272214	0.000168291
1.88263	14	0.941317	0.00021559	0.0269378	0.000152772
1.88656	15	0.94328	0.000379485	0.0267309	0.000239712
1.8908	16	0.945401	0.000361975	0.0245315	0.000236837
1.89168	17	0.945842	0.000331147	0.0243034	0.000191044
1.89299	18	0.946497	0.000339627	0.0248784	0.000223885
1.89303	19	0.946514	0.000322344	0.0248509	0.00019738
1.8944	20	0.9472	0.000307157	0.0247073	0.00019546
1.89883	21	0.949414	0.000302707	0.0240579	0.00020113
1.89809	22	0.949046	0.000291508	0.0244653	0.000180733
1.89788	23	0.948941	0.000288579	0.0247662	0.00019346
1.89767	24	0.948835	0.000283894	0.0247943	0.000180711
1.89712	25	0.948562	0.000284929	0.024578	0.000180944
1.89696	26	0.948482	0.000292075	0.0250467	0.000190778
1.89679	27	0.948393	0.00029387	0.0250698	0.000184913
1.91322	0	0.911058	0.000621911	0.0566153	0.000501593
1.95248	1	0.929753	0.000253063	0.033452	0.000142675
1.95663	2	0.931731	0.000143724	0.0340971	0.000103915
1.9589	3	0.932808	0.000274352	0.033127	0.000156588
1.94616	4	0.926741	0.000132923	0.0360737	9.63057e-05
1.86632	5	0.888725	0.000362225	0.0525325	0.000184942
1.82539	6	0.869232	0.00059476	0.0602889	0.000486451
1.94778	7	0.927514	0.000541129	0.0276944	0.000321692
1.95306	8	0.930026	0.000557961	0.0297928	0.000315281
1.94232	9	0.924915	0.000322998	0.0353869	0.00024908
1.95621	10	0.931528	0.000592303	0.0322366	0.00039178
1.96069	11	0.933663	0.000497063	0.0306567	0.00029565
1.95533	12	0.931108	0.000605471	0.0361956	0.000381781
1.97037	13	0.938272	0.000447464	0.0299791	0.000287714
1.97144	14	0.938782	0.000420692	0.0291621	0.000264041
1.97811	15	0.941955	0.000398771	0.0284029	0.000273374
1.98241	16	0.944004	0.000368368	0.0256376	0.000226252
1.98099	17	0.943329	0.000354628	0.0262904	0.000217079
1.98139	18	0.943518	0.000354826	0.0270086	0.000220562
1.98091	19	0.943291	0.000349051	0.0265794	0.000222423
1.98067	20	0.943178	0.000341116	0.0266585	0.00021857
1.99238	21	0.948753	0.000304243	0.0244843	0.000206312
1.98895	22	0.94712	0.000299734	0.0253335	0.00019529
1.99376	23	0.94941	0.000285709	0.0246111	0.000170036
1.99178	24	0.948467	0.000295401	0.0252747	0.000187701
1.99111	25	0.948147	0.000288604	0.0252157	0.000189513
1.99021	26	0.947718	0.000310087	0.0255629	0.000208585
1.98758	27	0.946468	0.000304104	0.0254774	0.000200411
1.99168	0	0.905309	0.000666485	0.0612445	0.000541101
2.03646	1	0.925663	0.000266989	0.0356813	0.000147372
2.04136	2	0.927892	0.000149673	0.0360803	0.000106136
2.04434	3	0.929244	0.000276815	0.0338093	0.000147484
2.0324	4	0.923819	0.000265479	0.0365693	0.000145051
1.93521	5	0.879641	0.000411948	0.0578007	0.000193413
1.89412	6	0.860964	0.00155629	0.0659015	0.000834867
2.03971	7	0.927141	0.000546047	0.0280088	0.000314391
2.04255	8	0.928432	0.000627471	0.0322322	0.000396936
2.02519	9	0.92054	0.00109935	0.0445626	0.000668547
2.04345	10	0.928843	0.000700529	0.038213	0.000477829
2.04686	11	0.93039	0.000608226	0.0355616	0.000406657
2.04752	12	0.930691	0.000294371	0.0438938	0.000314731
2.06015	13	0.936431	0.000278649	0.0333853	0.000245676
2.06074	14	0.936698	0.000246112	0.0332099	0.000202737
2.07118	15	0.941444	0.000421626	0.0306526	0.000376929
2.07162	16	0.941648	0.000394333	0.0277446	0.000258814
2.06789	17	0.939952	0.000209305	0.0290499	0.000152735
2.06614	18	0.939154	0.000410313	0.0309781	0.000263762
2.06438	19	0.938354	0.00040155	0.0304984	0.000248461
2.06458	20	0.938444	0.000394851	0.0307826	0.000248493
2.08429	21	0.947403	0.000302362	0.0245709	0.000193258
2.07942	22	0.945193	0.000315065	0.0266208	0.000214698
2.08581	23	0.948093	0.000285844	0.0245506	0.000198523
2.08533	24	0.947877	0.000299629	0.0251841	0.000190836
2.08634	25	0.948338	0.000166042	0.0249764	0.000120367
2.08405	26	0.947296	0.000322109	0.0249692	0.000233095
2.07958	27	0.945262	0.000319382	0.026063	0.000213681
