0.838017
0.673685
0.713704
0.650413
0.952964
0.779867
0.625801
0.724402
0.886713
0.668611
0.749103
0.647894
0.641776
0.683962
0.693338
0.692566
0.700485
0.659587
0.671605
0.650219
0.687747
0.680537
0.668816
0.67958
0.893085
0.652756
0.677886
0.683317
0.911045
0.678097
0.696447
0.659187
0.785923
0.647026
0.62806
0.66341
0.93816
0.63801
0.72549
0.672956
0.869686
0.715819
0.659687
0.661694
0.629241
0.691025
0.671087
0.706745
0.787637
0.665847
0.673477
0.671501
0.940595
0.68677
0.671709
0.68107
0.862784
0.672124
0.645299
0.68075
0.949219
0.679368
0.697229
0.651095
0.771979
0.74538
0.694667
0.78267
0.946121
0.765188
0.706745
0.822176
0.809777
0.853307
0.69489
0.702295
0.830019
0.721998
0.695001
0.794833
0.785923
0.790212
0.800683
0.73369
0.982676
0.73369
0.765593
0.686553
0.820623
0.752348
0.699584
0.82311
0.904791
0.696336
0.768021
0.757852
0.724644
0.800977
0.763039
0.720801
0.771155
0.76911
0.686878
0.717472
0.80963
0.738802
0.712185
0.734061
0.913341
0.729017
0.725975
0.761568
0.773627
0.734186
0.686662
0.713704
0.899545
0.757057
0.700711
0.733319
0.916417
0.724041
0.676831
0.724402
0.884189
0.847156
0.684608
0.705599
0.660689
0.740936
0.655214
0.71137
0.742584
0.879185
0.830976
0.727188
0.683532
0.69846
0.7238
0.737544
0.659487
0.710672
0.667687
0.685255
0.851637
0.684177
0.68677
0.733813
0.690258
0.919125
0.664018
0.706057
0.714878
0.739553
0.93373
0.873181
0.739553
0.927557
0.713704
0.853646
0.688618
0.726096
0.707205
0.729261
0.721998
0.687856
0.731469
0.692125
0.614484
0.923032
0.661291
0.668611
0.86433
0.729261
0.917381
0.675255
0.742334
0.97431
0.754828
0.849143
0.672228
0.667892
0.854816
0.794105
0.792802
0.678944
0.706516
0.701502
0.700599
0.766262
0.663511
0.664525
0.69846
0.819387
0.787917
0.668303
0.673164
0.744747
0.861423
0.768565
0.685255
0.688618
0.728528
0.852137
0.69345
0.714525
0.691135
0.846008
0.716526
0.872482
0.710672
0.774172
0.702976
0.837855
0.697006
0.73605
0.776939
0.722358
0.890708
0.720204
0.801271
0.765857
0.756535
0.799211
0.69367
0.714407
0.695334
0.71347
0.718776
0.711253
0.834964
0.770338
0.754563
0.853977
0.775555
0.897875
0.862107
0.731592
0.863645
0.738927
0.887618
0.790212
0.733813
0.841424
0.770743
0.846501
0.746793
0.746153
0.83996
0.696894
0.926372
0.843219
0.895476
0.811286
0.760766
0.769382
0.759971
0.747308
0.840607
0.717946
0.793524
0.781832
0.739678
0.889612
0.728162
0.961176
0.876169
0.743982
0.713704
0.862784
0.732331
0.803641
0.687312
0.809924
0.789925
0.734061
0.791213
0.683103
0.884726
0.744872
0.695001
0.730977
0.704342
0.841424
0.70986
0.754563
0.78607
0.71476
0.824986
0.879715
0.703886
0.688292
0.879362
0.860055
0.827179
0.889428
0.684931
0.738044
0.939985
0.980461
0.83528
0.897875
0.675989
0.699697
0.866912
0.884903
0.79643
1.00515
0.702749
0.732578
0.804686
0.963515
0.758249
0.760368
0.699584
0.737794
0.739427
0.698012
0.839312
0.681817
0.72865
0.659587
0.720324
0.730118
0.858193
0.724644
0.673268
0.6624
0.728895
0.771015
0.841424
0.78735
0.721519
0.678414
0.829548
0.801867
0.900479
0.830814
0.679686
0.674208
0.7617
0.82311
0.845184
0.724161
0.71629
0.680537
0.759971
0.775695
0.845346
0.705256
0.685039
0.745895
0.850474
0.81601
0.895476
0.71429
0.736801
0.735676
0.757719
0.91507
0.743474
0.798041
0.741569
0.68246
0.842565
0.771295
0.804833
0.911612
0.712068
0.731346
0.818923
0.957577
0.894181
0.954215
0.699584
0.676726
0.944068
0.787063
0.926174
0.931331
0.684284
0.684608
0.846332
0.792221
0.972786
0.660488
0.654919
0.680857
0.685255
0.654623
0.799506
0.664931
0.64857
0.659386
0.73493
0.668508
0.762105
0.652463
0.673581
0.652854
0.693892
0.729017
0.653345
0.655412
0.673894
0.647316
0.739803
0.795415
0.802015
0.654623
0.666868
0.673164
0.668405
0.642819
0.80172
0.667585
0.646546
0.678626
0.678414
0.657194
0.832565
0.669228
0.688183
0.659386
0.649927
0.666561
0.877052
0.688618
0.71759
0.694003
0.688183
0.67119
0.867435
0.670983
0.65561
0.667687
0.661291
0.667175
0.843219
0.703659
0.705828
0.722238
0.662803
0.753261
0.852476
0.654623
0.670983
0.665644
0.676726
0.650608
0.672228
0.662601
0.699022
0.680537
0.647605
0.82311
0.771295
0.654524
0.654131
0.67202
0.670156
0.665745
0.765048
0.652267
0.641208
0.656302
0.653443
0.663511
0.788491
0.656203
0.661191
0.637542
0.6432
0.658887
0.873534
0.644438
0.671087
0.672124
0.661191
0.671398
0.565139
0.571376
0.565875
0.583957
0.576527
0.591905
0.580605
0.598091
0.585687
0.604995
0.599327
0.611804
0.599905
0.615004
0.611116
0.619207
0.614397
0.614763
0.622583
0.646796
0.624586
0.621715
0.697077
0.6381
0.650534
0.61145
0.627137
0.686581
0.646079
0.642147
0.651818
0.637546
0.63872
0.655352
0.634899
0.608873
0.618047
0.607383
0.642559
0.621539
0.634709
0.610443
0.623647
0.631525
0.61327
0.613617
0.61544
0.618327
0.599905
0.606683
0.602815
0.610773
0.586398
0.59118
0.587269
0.586952
0.580451
0.580451
0.578058
0.568092
0.568984
0.572956
0.586714
0.579059
0.592872
0.588381
0.59263
0.596368
0.600983
0.605248
0.606261
0.603987
0.607786
0.60966
0.626341
0.62329
0.623736
0.620404
0.627896
0.594275
0.648826
0.623428
0.666248
0.652664
0.658652
0.646932
0.671628
0.665118
0.714308
0.655764
0.740898
0.658303
0.677536
0.626301
0.655781
0.634196
0.661662
0.622665
0.660705
0.64028
0.646894
0.590953
0.637635
0.616924
0.628332
0.611804
0.612665
0.6009
0.608807
0.59596
0.611116
0.589658
0.601648
0.582549
0.593358
0.575763
0.59118
0.57447
0.582082
0.571526
0.60047
0.665853
0.671537
0.693387
0.684801
0.695865
0.692806
0.718857
0.708157
0.7242
0.717216
0.745039
0.731709
0.737272
0.73818
0.753255
0.78977
0.773026
0.791645
0.8003
0.842706
0.814505
0.790867
0.873246
0.859681
0.86553
0.828793
0.838645
0.771813
0.923401
0.891647
0.900383
0.888388
0.871265
0.853297
0.871287
0.867181
0.810528
0.817836
0.831741
0.811559
0.780173
0.803043
0.791965
0.796781
0.791351
0.746534
0.744499
0.737786
0.726511
0.725999
0.723687
0.713216
0.707541
0.705105
0.696931
0.685605
0.687333
0.68104
0.62268
0.661225
0.675418
0.691866
0.683314
0.700031
0.711105
0.713216
0.711853
0.727937
0.729363
0.731058
0.740049
0.744222
0.743682
0.75605
0.758016
0.790712
0.801562
0.886327
0.804186
0.83143
0.771498
0.82081
0.846694
0.874656
0.806898
0.867892
0.933577
0.96297
0.928437
0.930769
0.861216
0.860111
0.850282
0.86339
0.821041
0.834592
0.81333
0.860292
0.883554
0.808636
0.801826
0.771529
0.772309
0.757877
0.74708
0.748582
0.732761
0.745447
0.725743
0.725868
0.712095
0.715458
0.697291
0.698599
0.690231
0.691164
0.668574
0.680246
0.617231
0.585852
0.603126
0.593587
0.616022
0.619755
0.625344
0.622774
0.645268
0.630841
0.652369
0.63338
0.646492
0.656978
0.689463
0.673537
0.71656
0.708834
0.713969
0.731498
0.676792
0.729953
0.715025
0.727979
0.750246
0.745015
0.770589
0.77101
0.773402
0.783099
0.840547
0.821904
0.771715
0.758616
0.735268
0.738787
0.728238
0.757801
0.723736
0.763387
0.720575
0.727102
0.699518
0.707501
0.70694
0.715608
0.687527
0.67684
0.657084
0.667483
0.654246
0.641827
0.648234
0.641625
0.627551
0.621356
0.617417
0.612425
0.601441
0.608689
0.599766
0.599854
0.61151
0.619849
0.61863
0.629192
0.620037
0.649778
0.634658
0.644151
0.64588
0.657612
0.663585
0.662189
0.689021
0.689052
0.704025
0.761697
0.72116
0.720733
0.758337
0.777565
0.768127
0.757606
0.757153
0.762744
0.762967
0.725559
0.792078
0.803745
0.825565
0.774967
0.784966
0.783168
0.765692
0.738201
0.695045
0.773102
0.769468
0.693301
0.713456
0.701782
0.694429
0.741158
0.633533
0.711641
0.662189
0.679794
0.657084
0.653202
0.639619
0.656135
0.630161
0.641525
0.6223
0.623059
0.613436
0.624962
0.593329
0.610233
0.600118
0.555239
0.565055
0.555013
0.572889
0.568748
0.576604
0.580778
0.591955
0.588634
0.604641
0.602859
0.599415
0.611897
0.640018
0.596214
0.618507
0.613495
0.650276
0.639022
0.68763
0.660337
0.64333
0.675789
0.678451
0.660531
0.684323
0.663384
0.69829
0.713624
0.853849
0.791321
0.726421
0.744695
0.66409
0.680401
0.668747
0.657479
0.669988
0.633041
0.669868
0.609001
0.613395
0.628108
0.639058
0.610696
0.627655
0.611821
0.59845
0.592213
0.59653
0.586187
0.592041
0.585768
0.577989
0.571529
0.581521
0.574902
0.574337
0.556902
0.542717
0.546122
0.557129
0.566856
0.568827
0.565055
0.584429
0.575145
0.5911
0.579298
0.587619
0.593501
0.637988
0.609655
0.625491
0.63298
0.667475
0.645483
0.658633
0.642601
0.667059
0.662426
0.648736
0.681233
0.654219
0.684746
0.719388
0.72989
0.728635
0.795233
0.839603
0.85982
0.68773
0.675173
0.668702
0.660879
0.722907
0.695778
0.651679
0.646001
0.647213
0.660093
0.634108
0.624455
0.647525
0.619817
0.633968
0.594465
0.589057
0.595575
0.588126
0.589992
0.581439
0.590077
0.570413
0.582681
0.564666
0.573612
0.554412
0.563344
0.560411
0.557586
0.560795
0.572008
0.576685
0.565368
0.589142
0.578315
0.596791
0.587029
0.596791
0.593846
0.622041
0.636004
0.624946
0.623415
0.628253
0.5985
0.629299
0.648992
0.611375
0.630269
0.671513
0.63256
0.623154
0.663171
0.678301
0.666501
0.75476
0.739321
0.809016
0.827256
0.80427
0.80354
0.745839
0.739395
0.648785
0.686256
0.63153
0.646734
0.583165
0.664443
0.648064
0.665079
0.645957
0.597409
0.627491
0.613094
0.595798
0.587983
0.605716
0.593157
0.5988
0.589821
0.580696
0.594191
0.58177
0.565994
0.570492
0.568669
0.561257
0.565446
0.568195
0.570572
0.57305
0.585517
0.591186
0.591015
0.589567
0.598362
0.596704
0.608608
0.606254
0.641142
0.638982
0.62991
0.629624
0.631478
0.654404
0.636427
0.673059
0.629868
0.633305
0.656439
0.684315
0.702286
0.766576
0.744058
0.817782
0.83114
0.832515
0.864845
0.736973
0.755386
0.698147
0.707151
0.631673
0.667561
0.646422
0.654705
0.618756
0.661319
0.625386
0.620038
0.642331
0.632564
0.615204
0.662105
0.607836
0.601883
0.591869
0.600558
0.586776
0.596356
0.577336
0.5856
0.574417
0.575306
0.566621
0.572088
0.55888
0.555767
0.570652
0.57105
0.575225
0.581109
0.586944
0.612151
0.61938
0.59845
0.598888
0.597663
0.638257
0.645049
0.655863
0.715139
0.633508
0.638519
0.643624
0.616106
0.659699
0.663083
0.741946
0.724961
0.795773
0.657034
0.754575
0.79333
0.737329
0.752167
0.791846
0.741315
0.746732
0.793275
0.704298
0.756439
0.641384
0.662544
0.666474
0.644927
0.663398
0.652136
0.626604
0.642671
0.628452
0.61813
0.601624
0.649123
0.627008
0.646497
0.604731
0.598537
0.60153
0.589992
0.586104
0.582018
0.583096
0.58493
0.577173
0.574015
0.558957
0.561488
0.575955
0.580202
0.590332
0.583678
0.585433
0.595401
0.604999
0.614357
0.632335
0.657799
0.627667
0.622393
0.648042
0.629526
0.680101
0.631196
0.672949
0.673717
0.680966
0.713975
0.672186
0.729229
0.764861
0.76986
0.667029
0.810461
0.843024
0.81173
0.78006
0.833971
0.736167
0.762919
0.682167
0.683734
0.67238
0.692849
0.712334
0.674526
0.642939
0.639583
0.667969
0.638009
0.665721
0.630747
0.610682
0.648392
0.649028
0.633656
0.589057
0.605178
0.589652
0.601707
0.588041
0.598888
0.581191
0.579298
0.573371
0.57897
0.556978
0.580531
0.603304
0.565916
0.590502
0.569144
0.588126
0.57758
0.596009
0.591015
0.598625
0.601972
0.65913
0.591192
0.61485
0.614353
0.928245
0.622725
0.634741
0.67145
0.675804
0.716629
0.70718
0.664013
0.670211
0.63765
0.746814
0.666511
0.80701
0.766408
0.790295
0.780808
0.802043
0.815646
0.737622
0.728829
0.663137
0.654766
0.641631
0.630445
0.651762
0.619288
0.604701
0.617359
0.620719
0.587387
0.669277
0.621537
0.600968
0.622338
0.601795
0.598888
0.590844
0.606884
0.594191
0.591442
0.614726
0.578561
0.58468
0.580531
0.565603
0.580861
0.579626
0.577907
0.575387
0.59775
0.583762
0.601176
0.596965
0.601618
0.600558
0.591934
0.606502
0.689439
0.627258
0.630961
0.637191
0.627624
0.599025
0.628472
0.624381
0.655217
0.651946
0.687085
0.672321
0.735832
0.746806
0.798202
0.819901
0.87704
0.803098
0.843537
0.810288
0.78209
0.754521
0.766927
0.667706
0.66279
0.646214
0.656353
0.602955
0.657508
0.584191
0.633589
0.590018
0.635707
0.913305
0.597793
0.590073
0.589471
0.591214
0.604284
0.587197
0.608328
0.626302
0.569778
0.572729
0.592555
0.574417
0.576116
0.575468
0.572649
0.608599
0.57636
0.621356
0.60003
0.647311
0.625058
0.668465
0.639119
0.630258
0.645044
0.655267
0.618742
0.612237
0.604728
0.617977
0.624847
0.702147
0.623715
0.694083
0.65638
0.651555
0.613445
0.719618
0.680358
0.699787
0.688176
0.734224
0.674349
0.729921
0.71358
0.721507
0.688465
0.713831
0.673699
0.721998
0.68505
0.647979
0.662944
0.680816
0.660178
0.624165
0.631573
0.636344
0.668057
0.673949
0.65043
0.617429
0.650504
0.653806
0.650088
0.657718
0.630841
0.638521
0.61938
0.63594
0.604374
0.607064
0.594969
0.569539
0.596617
0.596183
0.605895
0.617976
0.633478
0.622111
0.656451
0.631523
0.644636
0.592341
0.596555
0.666735
0.640334
0.662462
0.664029
0.672842
0.62947
0.681239
0.658328
0.685009
0.663116
0.651343
0.634916
0.676742
0.703591
0.688548
0.719011
0.734317
0.694772
0.764505
0.783571
0.744468
0.700694
0.714779
0.740881
0.645476
0.715208
0.638702
0.692158
0.681853
0.688405
0.615572
0.647308
0.667352
0.619431
0.621597
0.58971
0.652253
0.648234
0.642327
0.630549
0.633674
0.651434
0.630646
0.626685
0.600823
0.62707
0.585349
0.607695
0.585349
0.567328
0.598976
0.594969
0.632988
0.610142
0.629192
0.628805
0.649675
0.63123
0.626771
0.641929
0.609562
0.657622
0.639677
0.634032
0.638343
0.681108
0.660984
0.658333
0.652957
0.654555
0.665838
0.674172
0.670427
0.660623
0.692839
0.69326
0.726498
0.734521
0.721346
0.737462
0.705006
0.777808
0.672738
0.700906
0.720044
0.683165
0.680136
0.708283
0.663465
0.654938
0.684988
0.641364
0.626756
0.606272
0.645285
0.618398
0.616527
0.650495
0.617758
0.644659
0.647311
0.639419
0.641223
0.627454
0.629288
0.625631
0.623249
0.599327
0.586944
0.588972
0.603126
0.619943
0.62268
0.634559
0.632206
0.647516
0.642229
0.630461
0.616253
0.648951
0.638048
0.643788
0.629185
0.624016
0.687236
0.684824
0.692959
0.742601
0.607261
0.708815
0.659503
0.691288
0.694972
0.708573
0.728551
0.734738
0.724209
0.768737
0.751299
0.789345
0.747903
0.729459
0.707924
0.719987
0.700908
0.744056
0.674668
0.712028
0.653905
0.710406
0.654464
0.6738
0.62948
0.679486
0.616172
0.64779
0.63326
0.640791
0.607403
0.610231
0.632108
0.649881
0.62784
0.634756
0.62145
0.630841
0.599327
0.618724
0.576929
0.588803
0.597489
0.596356
0.604641
0.602681
0.617045
0.615837
0.621828
0.620978
0.602007
0.627244
0.591652
0.609177
0.618413
0.618835
0.639034
0.705505
0.628582
0.601244
0.597263
0.641974
0.619066
0.756661
0.666912
0.678916
0.688609
0.69836
0.700198
0.719035
0.770221
0.749784
0.723795
0.73833
0.706548
0.708788
0.701681
0.675725
0.628423
0.676762
0.65338
0.667053
0.644649
0.636693
0.656498
0.660745
0.61726
0.59743
0.631033
0.604362
0.609188
0.633969
0.631327
0.628418
0.620413
0.61863
0.612609
0.610962
0.59959
0.598012
0.593932
0.596009
0.60047
0.602149
0.613528
0.613804
0.617137
0.622585
0.62268
0.606515
0.605951
0.603281
0.61409
0.627094
0.636498
0.641809
0.667838
0.631696
0.620861
0.644802
0.676637
0.671148
0.707534
0.650236
0.704703
0.724599
0.715042
0.730836
0.748177
0.757391
0.760867
0.808137
0.699381
0.714278
0.71111
0.715126
0.671533
0.653966
0.663921
0.660043
0.626968
0.659801
0.622404
0.637613
0.629799
0.633581
0.627888
0.618304
0.590602
0.645174
0.586591
0.599406
0.622869
0.626973
0.612976
0.619943
0.607334
0.613068
0.58838
0.608056
0.592213
0.566699
0.617603
0.601176
0.633871
0.627166
0.639619
0.639019
0.654037
0.64772
0.660896
0.634081
0.629152
0.684891
0.687141
0.686473
0.72527
0.668385
0.693766
0.70667
0.666735
0.67156
0.709117
0.728443
0.799053
0.809901
0.816174
0.85003
0.882699
0.92216
0.951058
0.955102
0.829625
0.899146
0.88233
0.869364
0.814093
0.874124
0.776262
0.797971
0.787671
0.733722
0.71815
0.687745
0.642278
0.710384
0.636545
0.659936
0.676675
0.667687
0.623122
0.665853
0.656978
0.654246
0.648542
0.644151
0.631133
0.637526
0.634559
0.610871
0.607334
0.60153
0.609233
0.623343
0.634756
0.640521
0.645065
0.65341
0.671479
0.657398
0.695236
0.714399
0.672727
0.708122
0.729836
0.705543
0.664362
0.690038
0.759107
0.784078
0.76755
0.777291
0.786609
0.811694
0.864822
0.882725
0.874191
0.910779
0.921679
0.919404
0.892706
0.893196
0.943191
0.893494
0.912865
0.891074
0.845235
0.803304
0.779945
0.790874
0.754976
0.77679
0.710252
0.72551
0.678303
0.711402
0.655016
0.693837
0.655443
0.657864
0.661299
0.664991
0.664358
0.653619
0.641223
0.642229
0.624199
0.626398
0.600734
0.617323
0.602681
0.589567
0.59653
0.596878
0.606794
0.602593
0.609143
0.607424
0.610598
0.632188
0.627617
0.646908
0.624594
0.600954
0.650865
0.603552
0.651732
0.6508
0.664098
0.645863
0.643047
0.650462
0.653604
0.677695
0.676574
0.666396
0.684785
0.672509
0.683527
0.685632
0.723364
0.719536
0.714335
0.640102
0.68864
0.692956
0.655022
0.667025
0.670791
0.641662
0.673357
0.615775
0.68576
0.661808
0.643833
0.672193
0.667449
0.637934
0.646298
0.651589
0.642258
0.621922
0.622017
0.620413
0.612609
0.607966
0.605895
0.606524
0.601353
0.596443
0.594104
0.594709
0.604641
0.59959
0.604552
0.607244
0.614265
0.610233
0.660373
0.622807
0.634036
0.612824
0.637837
0.649026
0.664926
0.647085
0.659401
0.656511
0.649427
0.661224
0.677488
0.719127
0.72297
0.649682
0.70715
0.664734
0.682974
0.700762
0.691032
0.730067
0.761883
0.678232
0.676947
0.718318
0.704825
0.681892
0.677302
0.660866
0.676635
0.670924
0.69237
0.721963
0.653681
0.670578
0.650382
0.693255
0.635555
0.647505
0.64465
0.644248
0.669787
0.641912
0.65474
0.614911
0.609688
0.61316
0.607966
0.602681
0.599327
0.5988
0.592899
0.559186
0.598537
0.587873
0.605806
0.611967
0.624962
0.612792
0.623628
0.654134
0.632195
0.635233
0.65011
0.656325
0.617839
0.652097
0.676402
0.656086
0.64858
0.620637
0.683398
0.694824
0.663038
0.689931
0.821521
0.699517
0.691161
0.68885
0.646487
0.743215
0.713986
0.720003
0.730146
0.759495
0.696002
0.716269
0.664021
0.665583
0.695851
0.642751
0.652672
0.690593
0.660818
0.657155
0.671452
0.673089
0.643872
0.621371
0.66076
0.647774
0.619695
0.634067
0.626494
0.625153
0.620884
0.61807
0.612701
0.605268
0.601
0.592813
0.563266
0.579298
0.597401
0.606075
0.606794
0.619849
0.613436
0.643147
0.622937
0.627143
0.643527
0.654972
0.652037
0.66195
0.631788
0.669767
0.727637
0.712083
0.647922
0.712862
0.714204
0.708642
0.70193
0.733794
0.741898
0.687915
0.71572
0.732947
0.715584
0.773291
0.705813
0.649537
0.747895
0.679983
0.699941
0.698035
0.710407
0.724441
0.677935
0.692066
0.674309
0.721561
0.696658
0.661084
0.665146
0.671692
0.64598
0.667175
0.619237
0.67507
0.618337
0.628344
0.6265
0.635348
0.619286
0.620319
0.602681
0.607966
0.588634
0.591442
0.562956
0.587113
0.612425
0.605626
0.623628
0.615281
0.625153
0.623343
0.630938
0.616969
0.670683
0.663517
0.625779
0.707732
0.698682
0.703287
0.62756
0.648227
0.672734
0.716622
0.696069
0.701678
0.656639
0.701282
0.72159
0.702488
0.730578
0.700661
0.690075
0.728337
0.758212
0.768472
0.727367
0.775284
0.738092
0.734814
0.699406
0.684044
0.674618
0.711496
0.674842
0.705435
0.690545
0.639428
0.71294
0.671282
0.646714
0.633299
0.683062
0.64303
0.683445
0.635644
0.63289
0.628612
0.628902
0.623534
0.623154
0.621167
0.619474
0.620131
0.604641
0.607695
0.616022
0.618818
0.622017
0.621828
0.62268
0.598909
0.655546
0.661691
0.64049
0.667545
0.722744
0.712941
0.686
0.626979
0.665352
0.689443
0.689165
0.710419
0.731523
0.743601
0.753872
0.698803
0.760542
0.704573
0.755381
0.71275
0.760297
0.752824
0.892357
0.775817
0.785314
0.718686
0.700437
0.740988
0.721661
0.690761
0.734852
0.685693
0.663751
0.724689
0.696027
0.702251
0.67401
0.688907
0.672592
0.688887
0.693899
0.665449
0.667387
0.672702
0.665224
0.62987
0.594018
0.628225
0.615559
0.606974
0.612059
0.615744
0.621544
0.560105
0.604016
0.592899
0.600382
0.600823
0.61078
0.603482
0.613436
0.641494
0.601105
0.659401
0.631096
0.638133
0.646501
0.646456
0.662514
0.616683
0.653827
0.645709
0.679266
0.651806
0.665314
0.640826
0.681585
0.71011
0.661059
0.688774
0.688564
0.684205
0.763699
0.70872
0.722501
0.734167
0.694596
0.692619
0.690709
0.671197
0.672658
0.671951
0.637186
0.655911
0.677403
0.670721
0.686588
0.645611
0.654986
0.650107
0.646137
0.624355
0.650606
0.616022
0.619099
0.609778
0.611602
0.607244
0.605357
0.599415
0.602327
0.596009
0.589057
0.561565
0.598713
0.601
0.608961
0.609778
0.605536
0.622541
0.633973
0.632754
0.66477
0.650936
0.651156
0.639984
0.662461
0.643205
0.683581
0.686478
0.671004
0.696704
0.675009
0.677291
0.694916
0.674914
0.707922
0.714083
0.718225
0.68191
0.726678
0.738374
0.795858
0.729366
0.715715
0.714182
0.698471
0.71741
0.692528
0.691104
0.673284
0.707505
0.647689
0.703919
0.662661
0.681803
0.678686
0.677333
0.650808
0.644452
0.633672
0.65679
0.632586
0.652158
0.639329
0.615559
0.610689
0.613988
0.602681
0.608871
0.591784
0.606344
0.576604
0.677543
0.698716
0.685375
0.724843
0.714835
0.74463
0.745855
0.781676
0.763
0.797905
0.764774
0.772067
0.815812
0.829649
0.789203
0.824038
0.809545
0.825663
0.808739
0.827679
0.841255
0.858489
0.814871
0.868927
0.880019
0.878883
0.873626
0.898359
0.909348
0.918567
0.887809
0.902564
0.881114
0.887535
0.901087
0.850004
0.893317
0.845966
0.82927
0.847109
0.821184
0.834874
0.847362
0.818034
0.834363
0.806686
0.740708
0.799397
0.774715
0.755952
0.782668
0.790683
0.766106
0.751607
0.753683
0.734602
0.716213
0.710365
0.704738
0.684229
0.691983
0.711479
0.724968
0.721265
0.736851
0.74153
0.717359
0.727679
0.732853
0.798537
0.780289
0.82822
0.761131
0.834545
0.772432
0.844827
0.822058
0.820657
0.858484
0.865653
0.88923
0.851906
0.869408
0.88865
0.863134
0.906234
0.929655
0.960115
0.911977
0.973006
0.986912
0.918047
1.02621
0.829892
0.887088
0.896217
0.88711
0.857141
0.849569
0.829513
0.865416
0.865365
0.84304
0.806849
0.806528
0.776547
0.803268
0.802968
0.804028
0.81467
0.765495
0.736591
0.730395
0.711264
0.723556
0.723556
0.748305
0.698481
0.715334
0.68664
0.616115
0.67631
0.660585
0.691281
0.688837
0.706565
0.697768
0.674754
0.702163
0.686653
0.692508
0.678709
0.693447
0.716033
0.724746
0.683764
0.713398
0.702897
0.745196
0.717095
0.751588
0.717757
0.713114
0.767093
0.769627
0.799452
0.7752
0.785775
0.766804
0.838634
0.737783
0.815407
0.852169
0.767848
0.765307
0.773256
0.763075
0.771341
0.776038
0.738242
0.729048
0.743913
0.740849
0.732478
0.735006
0.752161
0.724429
0.715637
0.707904
0.695526
0.713216
0.72139
0.700751
0.705222
0.702558
0.695159
0.692806
0.682402
0.665096
0.638222
0.666613
0.683657
0.693623
0.692335
0.698246
0.695277
0.675555
0.703154
0.722625
0.678835
0.701154
0.718286
0.723207
0.738668
0.747102
0.742412
0.745269
0.723465
0.796691
0.747503
0.749851
0.753495
0.803789
0.775728
0.775719
0.796614
0.746285
0.867537
0.894727
0.885391
0.882151
0.829691
0.846119
0.779137
0.80288
0.790676
0.81805
0.771758
0.756253
0.738862
0.767076
0.73939
0.752372
0.704484
0.715945
0.725435
0.727438
0.711866
0.742848
0.712481
0.682818
0.688464
0.690633
0.674327
0.709631
0.687679
0.698599
0.666613
0.674304
0.644455
0.678667
0.716088
0.701956
0.732629
0.717597
0.74045
0.731453
0.756284
0.783864
0.74725
0.77718
0.744431
0.778289
0.777978
0.757641
0.77707
0.791626
0.759593
0.769694
0.803032
0.780708
0.817803
0.81721
0.75629
0.826052
0.809457
0.828183
0.768204
0.883191
0.813055
0.921626
0.740921
0.857155
0.851698
0.827187
0.818163
0.810382
0.837058
0.806249
0.801067
0.814202
0.760428
0.752089
0.757266
0.79493
0.789557
0.769743
0.754191
0.758618
0.71377
0.751607
0.749406
0.739384
0.737647
0.735266
0.738713
0.727805
0.713341
0.717971
0.708157
0.712344
0.725743
0.721009
0.728844
0.732629
0.747212
0.753693
0.751789
0.78376
0.751289
0.765707
0.796345
0.754832
0.780052
0.789532
0.810268
0.793091
0.771718
0.807447
0.82322
0.83546
0.807283
0.834687
0.823982
0.831892
0.813104
0.880316
0.891742
0.911575
0.831811
0.904796
0.823581
0.855097
0.840007
0.883544
0.800661
0.845124
0.820301
0.797806
0.777957
0.805364
0.78332
0.793781
0.771445
0.806028
0.762193
0.759045
0.785763
0.786621
0.737286
0.77017
0.730097
0.763868
0.715685
0.737516
0.719106
0.732761
0.707665
0.719742
0.708766
0.660159
0.720248
0.713963
0.746672
0.738581
0.765386
0.745987
0.81716
0.74123
0.8115
0.746904
0.759446
0.795912
0.792777
0.766141
0.820511
0.77534
0.860717
0.78656
0.831616
0.771395
0.840216
0.838466
0.841528
0.843508
0.992736
0.814109
0.897773
1.0156
0.943722
0.853657
0.908246
0.84324
0.839229
0.835772
0.800913
0.810897
0.823005
0.841141
0.821334
0.788026
0.940647
0.78939
0.827778
0.803417
0.776584
0.784025
0.791418
0.799452
0.776317
0.769851
0.765386
0.76439
0.758715
0.75605
0.750645
0.750368
0.731453
0.728325
0.686065
0.702682
0.724331
0.735792
0.752576
0.753268
0.758715
0.74088
0.777956
0.804999
0.76279
0.781203
0.847924
0.788951
0.831017
0.787874
0.80973
0.834121
0.818589
0.816919
0.862343
0.813693
0.878692
0.855055
0.835857
0.84551
0.817311
0.862358
0.906278
0.899034
0.918637
0.951444
0.870251
0.882614
0.849236
0.873459
0.97531
0.884923
0.858005
0.887402
0.818353
0.841307
0.841736
0.812375
0.818254
0.809441
0.798305
0.802605
0.783608
0.762032
0.821912
0.741623
0.771485
0.785462
0.717167
0.773586
0.739647
0.753821
0.722282
0.723687
0.675306
0.73845
0.740049
0.735661
0.775104
0.763532
0.802628
0.782668
0.806747
0.789366
0.778204
0.759021
0.848534
0.841018
0.825345
0.783517
0.866898
0.832531
0.88736
0.82285
0.919034
0.877304
0.912671
0.856721
0.809372
0.908965
0.913314
0.913793
0.916679
0.943038
1.02147
0.924504
0.960223
0.934516
0.92615
0.922498
0.957712
0.926455
0.847236
0.858715
0.874707
0.882546
0.927842
0.852077
0.851773
0.812038
0.878546
0.807681
0.828049
0.819904
0.835146
0.823634
0.812996
0.812837
0.802628
0.790683
0.779388
0.77909
0.755074
0.747897
0.740589
0.742603
0.757033
0.785374
0.775401
0.795604
0.804366
0.769454
0.805124
0.759673
0.808914
0.802335
0.830095
0.826242
0.788216
0.835678
0.857256
0.860369
0.887334
0.867275
0.856467
0.870471
0.924211
0.789375
0.949953
0.901559
0.9041
0.921614
0.966913
0.96797
1.00914
0.957936
0.964337
0.904963
0.940455
0.92704
0.809701
0.950426
0.906082
0.89589
0.857828
0.909103
0.863421
0.902537
0.82512
0.853271
0.858434
0.817725
0.830775
0.812235
0.756141
0.79825
0.818263
0.78609
0.745102
0.747677
0.775401
0.777907
0.7614
0.763248
0.735792
0.693976
0.749544
0.730664
0.752437
0.751468
0.76439
0.75886
0.729903
0.751734
0.751225
0.743699
0.763375
0.799971
0.743466
0.782925
0.781552
0.789425
0.760207
0.78509
0.782078
0.814202
0.78822
0.806385
0.817033
0.813378
0.937722
0.856694
0.863794
0.821546
0.819055
0.904401
0.847242
0.848286
0.821793
0.822038
0.792564
0.822861
0.803317
0.761361
0.779361
0.797414
0.804682
0.776166
0.789744
0.790489
0.785973
0.774842
0.775137
0.781746
0.753192
0.787637
0.777609
0.774225
0.76639
0.763103
0.759137
0.757455
0.755358
0.743142
0.714337
0.732366
0.741391
0.765386
0.761967
0.765386
0.773346
0.744027
0.754937
0.765817
0.73119
0.774253
0.733561
0.750643
0.774153
0.755729
0.781532
0.816264
0.783163
0.863601
0.78903
0.824179
0.802862
0.819837
0.858536
0.827349
0.81788
0.807105
0.881229
0.808853
0.855633
0.942315
0.852422
0.805075
0.783834
0.860501
0.811054
0.844387
0.827781
0.803594
0.831885
0.819292
0.806101
0.82006
0.808588
0.802243
0.756911
0.776611
0.758919
0.786673
0.761846
0.816583
0.795492
0.788292
0.729343
0.770868
0.757732
0.758998
0.738851
0.747897
0.707541
0.647926
0.687563
0.696931
0.711603
0.708524
0.71496
0.714817
0.716785
0.724772
0.743857
0.712438
0.745998
0.819549
0.72791
0.720806
0.760575
0.73125
0.77311
0.744506
0.76217
0.766303
0.739229
0.784535
0.800183
0.787395
0.830039
0.79555
0.831915
0.819521
0.822342
0.873201
0.86626
0.842015
0.818296
0.82845
0.816155
0.818278
0.803039
0.791365
0.757156
0.774333
0.787828
0.752777
0.758472
0.760604
0.727312
0.771618
0.751471
0.742005
0.762877
0.738851
0.737384
0.732498
0.720372
0.710987
0.712469
0.714586
0.707416
0.690931
0.67242
0.660265
0.700391
0.702198
0.708157
0.721902
0.711728
0.703079
0.732217
0.725719
0.738335
0.765843
0.754544
0.728661
0.747666
0.772773
0.77332
0.756978
0.824029
0.785561
0.789699
0.790026
0.770394
0.821741
0.845145
0.805146
0.839768
0.816308
0.88676
0.885971
0.800814
0.924171
0.857859
0.844972
0.805643
0.804837
0.790377
0.820273
0.798147
0.790537
0.802023
0.834225
0.774614
0.812811
0.780321
0.800166
0.787353
0.772493
0.765584
0.746549
0.76342
0.756083
0.721477
0.707383
0.697607
0.717241
0.700031
0.717092
0.6921
0.705956
0.669449
0.613436
0.642129
0.628805
0.668792
0.651641
0.682175
0.680699
0.653927
0.676389
0.676475
0.674135
0.711715
0.670106
0.707558
0.67548
0.714658
0.716639
0.734601
0.702696
0.756641
0.725713
0.755347
0.734163
0.764374
0.732147
0.793219
0.76746
0.807354
0.818641
0.866872
0.831166
0.78525
0.848884
0.766205
0.777708
0.784902
0.768146
0.764693
0.738974
0.791633
0.72789
0.709059
0.712608
0.721036
0.700948
0.804397
0.691178
0.702067
0.697769
0.692245
0.704371
0.697526
0.691866
0.691515
0.684458
0.67743
0.675529
0.64639
0.640922
0.628129
0.641123
0.649159
0.661547
0.677992
0.68036
0.687102
0.632269
0.676756
0.65253
0.705121
0.666298
0.713134
0.666646
0.684985
0.717762
0.746171
0.727422
0.733013
0.750927
0.755456
0.75794
0.763666
0.710837
0.785275
0.7874
0.800034
0.746096
0.827018
0.796405
0.878654
0.876171
0.809187
0.801329
0.776896
0.794025
0.785829
0.731042
0.769696
0.776752
0.770647
0.75931
0.688754
0.729208
0.732668
0.710485
0.696788
0.705441
0.673929
0.717073
0.696535
0.680618
0.671744
0.68429
0.668883
0.631657
0.662189
0.66434
0.639819
0.646697
0.61807
0.608509
0.66176
0.651537
0.70208
0.703042
0.704862
0.725099
0.733599
0.712817
0.733195
0.718525
0.699393
0.742319
0.753768
0.729351
0.767612
0.725776
0.791875
0.738284
0.773236
0.750055
0.774764
0.778396
0.795507
0.796062
0.811087
0.883139
0.798114
0.794242
0.873838
0.857181
0.838119
0.829793
0.794529
0.795787
0.693405
0.813893
0.789701
0.76972
0.794865
0.721743
0.772655
0.763224
0.792959
0.777447
0.780328
0.7582
0.780972
0.760193
0.760341
0.731709
0.729626
0.740858
0.731709
0.712219
0.719486
0.705589
0.692571
0.687102
0.641424
0.646186
0.692924
0.69374
0.712095
0.715708
0.72177
0.708113
0.728156
0.713374
0.728894
0.72645
0.757753
0.765782
0.732721
0.754612
0.776948
0.746367
0.803032
0.775645
0.807304
0.789289
0.820519
0.821075
0.814586
0.816141
0.826068
0.788285
0.851671
0.8653
0.86896
0.849612
0.775538
0.753171
0.771794
0.804114
0.806523
0.793004
0.794135
0.819037
0.767743
0.775182
0.79235
0.728375
0.767266
0.782949
0.759819
0.75197
0.722845
0.766371
0.75024
0.729042
0.725995
0.740432
0.698417
0.66681
0.704738
0.71359
0.687217
0.687102
0.639919
0.708524
0.734996
0.733944
0.754659
0.753406
0.765248
0.763248
0.787077
0.788831
0.846152
0.790923
0.85337
0.822538
0.827035
0.823843
0.850317
0.848374
0.829575
0.86998
0.881248
0.89941
0.888512
0.885933
0.909923
0.887974
0.928021
0.790917
0.888896
0.943615
0.937331
0.954176
0.940864
0.894713
0.920784
0.93056
0.919146
0.951582
0.862319
0.927911
0.867477
0.851646
0.85656
0.867388
0.864803
0.844623
0.821551
0.799405
0.851218
0.82088
0.817052
0.794835
0.794372
0.79406
0.778945
0.778792
0.759843
0.759559
0.742603
0.738713
0.731972
0.733418
0.750368
0.751053
0.755496
0.764245
0.786281
0.773311
0.787875
0.80538
0.836994
0.829216
0.803212
0.824399
0.826869
0.82564
0.820878
0.881771
0.879872
0.879363
0.914065
0.925181
0.890628
0.867383
0.922202
1.00984
0.94375
0.987145
0.97147
0.962455
0.973595
1.04794
0.926044
0.99598
0.955087
0.951985
0.916368
0.929603
0.895222
0.903236
0.887939
0.90336
0.839153
0.814737
0.840067
0.841563
0.801695
0.862093
0.824712
0.84173
0.808673
0.799244
0.789302
0.840916
0.798103
0.751466
0.755912
0.757455
0.726511
0.74517
0.718732
0.626685
0.677094
0.674304
0.701956
0.682972
0.711853
0.709257
0.650585
0.666715
0.765553
0.737066
0.726115
0.604513
0.76448
0.742875
0.800338
0.790132
0.739351
0.800162
0.839833
0.789246
0.782246
0.759124
0.795453
0.783614
0.78268
0.790453
0.7828
0.818884
0.886004
0.790687
0.799423
0.794787
0.79813
0.75808
0.801348
0.816715
0.762479
0.800091
0.786215
0.760734
0.774121
0.779992
0.785973
0.770131
0.788323
0.739212
0.74534
0.783443
0.735429
0.728068
0.720628
0.716213
0.715085
0.712219
0.711728
0.691048
0.678892
0.674972
0.651641
0.651953
0.682175
0.700634
0.707416
0.711977
0.714462
0.736031
0.699764
0.716572
0.75704
0.760914
0.740941
0.736358
0.726093
0.795558
0.775416
0.776442
0.76427
0.780853
0.808757
0.803193
0.791433
0.789896
0.80503
0.788427
0.781598
0.84975
0.82973
0.860825
0.871862
0.930502
0.790459
0.860488
0.813537
0.812172
0.787568
0.798257
0.798114
0.792244
0.786297
0.770602
0.770027
0.798841
0.768961
0.775639
0.803475
0.766246
0.757186
0.739182
0.748334
0.72927
0.736067
0.729562
0.72927
0.702917
0.689766
0.707049
0.666939
0.685375
0.635348
0.661225
0.681493
0.672862
0.706073
0.704129
0.717846
0.710489
0.706533
0.763275
0.760807
0.748833
0.761203
0.762914
0.779303
0.78626
0.780261
0.785134
0.751993
0.795602
0.785086
0.828987
0.795152
0.824388
0.847077
0.810941
0.852656
0.76083
0.816008
0.848844
0.92269
0.887965
0.843757
0.828002
0.813543
0.84493
0.83058
0.763336
0.757772
0.810379
0.806224
0.778271
0.766789
0.754267
0.778062
0.783341
0.737687
0.779227
0.731318
0.753757
0.749983
0.737786
0.732629
0.729363
0.726643
0.712718
0.719237
0.706807
0.692571
0.692218
0.662082
0.690698
0.695394
0.706073
0.711728
0.715334
0.712718
0.774957
0.769869
0.861886
0.735586
0.756949
0.707413
0.7507
0.772888
0.743216
0.776554
0.908154
0.787662
0.8284
0.791801
0.838213
0.846915
0.82601
0.857324
0.861393
0.824209
0.859471
0.888601
1.01558
0.912374
0.920542
0.876921
0.878171
0.779888
0.857361
0.838041
0.83998
0.834568
0.802083
0.795524
0.774148
0.812399
0.739381
0.709807
0.791272
0.838104
0.77277
0.766804
0.782709
0.75383
0.746917
0.766092
0.742657
0.714985
0.719362
0.709631
0.709749
0.674415
0.69327
0.66176
0.620695
0.653306
0.645982
0.665853
0.660692
0.688257
0.674749
0.73258
0.702412
0.716027
0.730648
0.721969
0.729187
0.677123
0.735147
0.725156
0.744988
0.68536
0.764749
0.744365
0.755298
0.709426
0.739035
0.782961
0.805415
0.790482
0.810155
0.807836
0.755521
0.882844
0.848183
0.818927
0.833605
0.804483
0.808336
0.775792
0.783776
0.695815
0.72574
0.779957
0.795706
0.764839
0.768044
0.78101
0.735154
0.758259
0.667622
0.742901
0.677016
0.736295
0.707908
0.702315
0.693623
0.689766
0.67923
0.668246
0.663262
0.665312
0.65216
0.649881
0.645982
0.656135
0.665853
0.66683
0.689417
0.675418
0.686009
0.652804
0.741514
0.731514
0.71705
0.71973
0.718715
0.748927
0.749565
0.712015
0.768651
0.720462
0.76285
0.789836
0.795169
0.823118
0.748604
0.787397
0.810003
0.830804
0.824795
0.861902
0.861463
0.872155
0.936407
0.783643
0.901103
0.850003
0.864054
0.829437
0.727603
0.821445
0.783601
0.744729
0.795104
0.728054
0.727869
0.770735
0.740389
0.73231
0.771891
0.718144
0.674095
0.708754
0.676534
0.646494
0.722325
0.639766
0.704371
0.66294
0.663585
0.648851
0.655819
0.631815
0.566386
0.679118
0.692218
0.709015
0.707783
0.727162
0.722539
0.739114
0.751936
0.761546
0.78341
0.765847
0.748573
0.800497
0.80006
0.800609
0.786063
0.807889
0.775329
0.811545
0.792482
0.795596
0.826017
0.847303
0.85516
0.810671
0.829225
0.821017
0.8625
0.900342
0.887978
0.879973
0.887187
0.834893
0.837856
0.812821
0.822609
0.820351
0.815979
0.816019
0.827963
0.776181
0.815093
0.787809
0.774301
0.768698
0.813226
0.783471
0.796251
0.795666
0.755773
0.74517
0.736055
0.738983
0.724456
0.726387
0.707541
0.703042
0.712967
0.612701
0.64405
0.710738
0.713963
0.713839
0.73119
0.730276
0.728881
0.793666
0.748707
0.764559
0.774938
0.728182
0.79211
0.760218
0.782939
0.7738
0.84906
0.816358
0.818297
0.798169
0.865194
0.818833
0.84638
0.851029
0.861174
0.874585
0.859171
0.913949
0.856662
0.871211
0.953026
0.821635
0.883526
0.85165
0.843853
0.819724
0.847833
0.806043
0.851484
0.784412
0.812741
0.821955
0.834552
0.815615
0.81564
0.796507
0.824262
0.771022
0.787388
0.783805
0.759296
0.777222
0.768203
0.731058
0.737988
0.717341
0.721902
0.684572
0.690698
0.609688
0.591015
0.606614
0.601176
0.610233
0.609778
0.612976
0.612884
0.626327
0.627133
0.632525
0.684007
0.675888
0.665147
0.669197
0.68975
0.67101
0.675633
0.670724
0.672953
0.696519
0.73256
0.715803
0.726364
0.678406
0.701441
0.691602
0.700957
0.731744
0.760219
0.772242
0.821758
0.812613
0.816308
0.735445
0.697665
0.699207
0.723247
0.690651
0.711004
0.699458
0.701643
0.659298
0.678945
0.692565
0.653113
0.646858
0.65437
0.672873
0.650106
0.63347
0.626302
0.621733
0.621733
0.615096
0.614265
0.612334
0.609415
0.607695
0.60482
0.600294
0.614172
0.607695
0.609688
0.610871
0.612792
0.617696
0.625588
0.656118
0.642218
0.619413
0.648161
0.667233
0.656522
0.679462
0.691664
0.675985
0.689419
0.687034
0.715559
0.719501
0.722771
0.716671
0.738317
0.71921
0.753858
0.740418
0.736078
0.812139
0.818129
0.82842
0.839762
0.767097
0.783089
0.710797
0.745154
0.686511
0.735416
0.715852
0.695165
0.707724
0.692681
0.657669
0.68326
0.665918
0.710631
0.679621
0.67756
0.647335
0.656278
0.654346
0.650899
0.627263
0.63133
0.616145
0.603838
0.610416
0.610506
0.604374
0.604731
0.594623
0.569539
0.58838
0.586608
0.599151
0.58821
0.598362
0.598012
0.604731
0.627133
0.617358
0.619102
0.628331
0.671052
0.617205
0.639929
0.650423
0.656145
0.611099
0.628261
0.701263
0.689872
0.710542
0.65979
0.811078
0.766394
0.722741
0.660097
0.721766
0.735282
0.778758
0.745723
0.791265
0.747873
0.739599
0.709105
0.700073
0.633975
0.65952
0.669087
0.670129
0.674473
0.65792
0.665264
0.635392
0.644328
0.650336
0.657892
0.661543
0.645308
0.640955
0.609324
0.607695
0.60878
0.603304
0.603749
0.596443
0.595315
0.593674
0.594882
0.581852
0.585349
0.592813
0.593587
0.596617
0.597576
0.603749
0.59769
0.664537
0.630888
0.628847
0.652888
0.620853
0.658299
0.635403
0.644812
0.633479
0.672723
0.637688
0.66261
0.663621
0.683224
0.687404
0.708492
0.709681
0.680529
0.756368
0.746136
0.702035
0.667843
0.911098
0.826019
0.728007
0.74333
0.677777
0.727111
0.680082
0.706297
0.665836
0.676274
0.679186
0.659474
0.707986
0.64749
0.694752
0.663592
0.636628
0.666762
0.653966
0.690711
0.648721
0.628541
0.612746
0.605716
0.615374
0.599942
0.591613
0.5911
0.589482
0.590162
0.578315
0.585517
0.595835
0.597837
0.600118
0.599854
0.614449
0.599415
0.619849
0.60545
0.630776
0.622134
0.663493
0.642692
0.65892
0.659981
0.667609
0.674492
0.669009
0.662064
0.699503
0.651553
0.708571
0.683832
0.719962
0.696178
0.693036
0.712745
0.693167
0.72004
0.745326
0.752078
0.774897
0.758136
0.72449
0.745267
0.72084
0.659433
0.676576
0.692449
0.698969
0.681105
0.659287
0.696511
0.680075
0.682835
0.667233
0.654678
0.671944
0.633822
0.655013
0.624485
0.621167
0.620695
0.613804
0.612059
0.60482
0.604552
0.597401
0.596356
0.587197
0.586608
0.601265
0.604374
0.608056
0.608689
0.619849
0.64043
0.660405
0.630712
0.651905
0.626895
0.645044
0.658519
0.666586
0.640412
0.667536
0.667545
0.680746
0.703413
0.68196
0.714816
0.719694
0.693143
0.724051
0.708368
0.773216
0.775385
0.767069
0.807775
0.820916
0.786679
0.703936
0.741411
0.728794
0.73691
0.721758
0.735471
0.719581
0.723894
0.708535
0.702305
0.686473
0.680011
0.675531
0.69312
0.660169
0.658829
0.674675
0.652616
0.667185
0.61381
0.640252
0.629676
0.613896
0.61408
0.605088
0.606164
0.597925
0.598713
0.556069
0.594104
0.606794
0.606524
0.623059
0.611054
0.623723
0.620789
0.636336
0.662363
0.640918
0.676113
0.680401
0.683684
0.687986
0.664418
0.674196
0.717205
0.672479
0.732242
0.727614
0.698448
0.723955
0.729833
0.725901
0.767431
0.787659
0.76566
0.75823
0.821702
0.859667
0.839117
0.825032
0.831405
0.814331
0.779426
0.75294
0.772551
0.735142
0.726123
0.700363
0.679018
0.686476
0.698573
0.712245
0.676224
0.65668
0.702825
0.69626
0.6902
0.680672
0.646186
0.63693
0.628515
0.629385
0.621639
0.620319
0.618256
0.615004
0.608418
0.604463
0.606254
0.611327
0.61151
0.615004
0.627647
0.628708
0.623628
0.682703
0.684144
0.646835
0.677562
0.651788
0.666798
0.672137
0.670593
0.652868
0.723669
0.705868
0.72214
0.753942
0.847824
0.731553
0.768464
0.752371
0.812689
0.836651
0.799028
0.85725
0.876493
0.92368
0.903153
0.824854
0.844602
0.80765
0.804639
0.755941
0.762571
0.749304
0.707031
0.676827
0.732859
0.718601
0.711443
0.687487
0.656518
0.680252
0.680931
0.685033
0.703416
0.620742
0.692625
0.650255
0.62544
0.626206
0.632303
0.613068
0.614726
0.616301
0.603393
0.598188
0.587029
0.630258
0.642634
0.659201
0.657612
0.675864
0.658671
0.682858
0.675083
0.692474
0.691506
0.598985
0.663361
0.647744
0.605887
0.701256
0.715264
0.724053
0.695769
0.72026
0.691159
0.729836
0.743288
0.740863
0.766471
0.779155
0.744133
0.770475
0.775844
0.880659
0.798596
0.751226
0.759577
0.75373
0.719913
0.727585
0.69917
0.761937
0.733328
0.730811
0.731965
0.700338
0.709009
0.729986
0.70198
0.706862
0.702781
0.699257
0.651187
0.695631
0.688374
0.68172
0.677318
0.676982
0.668465
0.65952
0.671427
0.656557
0.642229
0.617045
0.630064
0.653306
0.651849
0.663155
0.66934
0.672973
0.689973
0.681863
0.681284
0.677977
0.688598
0.699464
0.630176
0.688503
0.72064
0.727834
0.710508
0.693935
0.755593
0.765531
0.747647
0.779381
0.74128
0.724388
0.759694
0.734719
0.765947
0.8204
0.85203
0.88845
0.842532
0.753312
0.795629
0.940878
0.741034
0.749603
0.757123
0.749704
0.752493
0.753189
0.744676
0.73183
0.748164
0.734744
0.722182
0.723773
0.720679
0.718419
0.707441
0.675869
0.663394
0.705794
0.678779
0.66337
0.678104
0.656662
0.656662
0.631913
0.644252
0.612976
0.589142
0.633871
0.62145
0.642634
0.641625
0.651849
0.651434
0.67564
0.661119
0.687339
0.689052
0.66884
0.694193
0.693719
0.741543
0.702823
0.685527
0.728683
0.719357
0.728585
0.76463
0.782319
0.771949
0.781884
0.799213
0.821829
0.829052
0.782227
0.813426
0.849815
0.775829
0.774559
0.885326
0.809063
0.811084
0.698094
0.758697
0.761479
0.786506
0.787413
0.740309
0.74011
0.716204
0.734314
0.722103
0.69616
0.688674
0.712582
0.728683
0.702709
0.672752
0.679456
0.675752
0.656767
0.670327
0.65477
0.64476
0.64537
0.634854
0.618443
0.625249
0.638621
0.640721
0.645982
0.649469
0.662403
0.66683
0.677767
0.704604
0.68604
0.685605
0.731937
0.671607
0.698747
0.700782
0.730745
0.724452
0.7156
0.738998
0.757692
0.777583
0.816043
0.734649
0.726192
0.866808
0.809696
0.768132
0.849921
0.79093
0.78194
0.924177
0.776718
0.822442
0.821289
0.776572
0.79488
0.804478
0.796875
0.808095
0.762838
0.728177
0.758575
0.729782
0.73695
0.735679
0.713141
0.726539
0.697038
0.713457
0.694855
0.706751
0.675195
0.675752
0.651745
0.668246
0.64588
0.647926
0.631133
0.64405
0.609324
0.586692
0.608961
0.604016
0.622774
0.615281
0.631815
0.63162
0.648234
0.639019
0.635719
0.6158
0.654049
0.687629
0.644396
0.598031
0.602216
0.638537
0.644365
0.639236
0.69704
0.686313
0.657358
0.652294
0.699902
0.670794
0.729228
0.683127
0.762367
0.730038
0.733195
0.721308
0.81567
0.69791
0.742298
0.713771
0.707875
0.712523
0.71193
0.691212
0.68778
0.689494
0.675087
0.648812
0.659166
0.641877
0.679179
0.707707
0.669372
0.684671
0.655749
0.651953
0.651849
0.642028
0.647208
0.634559
0.626398
0.623628
0.613528
0.613344
0.58821
0.593501
0.615281
0.616672
0.628322
0.63338
0.638023
0.648542
0.647926
0.604325
0.619495
0.610203
0.634777
0.653622
0.629194
0.633617
0.650318
0.660455
0.687691
0.632281
0.68638
0.71748
0.678469
0.686002
0.740405
0.706084
0.729222
0.756491
0.735455
0.687689
0.753161
0.767573
0.746178
0.714245
0.733868
0.724058
0.71758
0.7318
0.68489
0.696096
0.664577
0.660441
0.666822
0.652875
0.641976
0.612975
0.641303
0.65872
0.671614
0.671549
0.645459
0.662403
0.640922
0.645778
0.63289
0.638621
0.615374
0.633184
0.609233
0.611785
0.592298
0.560642
0.597837
0.591015
0.602327
0.596617
0.633478
0.616301
0.649262
0.64324
0.662189
0.621888
0.674054
0.646484
0.59474
0.615341
0.652928
0.639001
0.662018
0.607456
0.701688
0.642654
0.655834
0.717465
0.65674
0.672273
0.724332
0.718521
0.765062
0.749138
0.792128
0.855917
0.799294
0.790405
0.744536
0.749946
0.688635
0.673327
0.716015
0.703295
0.701999
0.683562
0.593863
0.673101
0.649576
0.673276
0.644661
0.685044
0.648303
0.66782
0.642803
0.663048
0.660798
0.643543
0.635742
0.645778
0.625727
0.611145
0.596791
0.595315
0.578479
0.580861
0.590162
0.606254
0.617976
0.628032
0.639619
0.647413
0.655505
0.627738
0.643447
0.584547
0.635826
0.682002
0.66971
0.636263
0.691127
0.674778
0.689272
0.635939
0.687554
0.727287
0.719377
0.749033
0.724704
0.734432
0.780016
0.803279
0.833905
0.812313
0.803726
0.803653
0.756429
0.891247
0.784816
0.759918
0.718141
0.72744
0.720637
0.676173
0.689061
0.693026
0.672285
0.722921
0.681472
0.679119
0.617309
0.633125
0.655015
0.706386
0.646594
0.668683
0.650088
0.650398
0.625919
0.618537
0.609506
0.625536
0.590844
0.600382
0.562956
0.556599
0.570572
0.568827
0.582847
0.576036
0.588972
0.580531
0.600911
0.585182
0.600734
0.592871
0.59243
0.615968
0.603134
0.607933
0.605045
0.627272
0.620602
0.618436
0.752601
0.616407
0.64554
0.667905
0.683278
0.697126
0.669441
0.667831
0.65415
0.669539
0.681479
0.716756
0.66303
0.603656
0.652293
0.759835
0.671335
0.702317
0.626173
0.667563
0.622694
0.615052
0.626226
0.608669
0.614485
0.610724
0.592422
0.607652
0.59464
0.602521
0.612884
0.598888
0.59445
0.592899
0.594364
0.581852
0.596704
0.57313
0.574498
0.571529
0.567643
0.569461
0.575955
0.579955
0.582432
0.589312
0.5981
0.585182
0.590417
0.602327
0.599279
0.574645
0.583436
0.605294
0.584492
0.614336
0.623964
0.664436
0.626431
0.640735
0.616517
0.638639
0.630655
0.605343
0.678139
0.680756
0.684465
0.694884
0.690116
0.673717
0.699874
0.719705
0.656201
0.663465
0.665334
0.668213
0.642583
0.692832
0.60534
0.66525
0.682013
0.612835
0.616974
0.626465
0.610729
0.620085
0.590335
0.60087
0.579242
0.621044
0.600647
0.59445
0.591357
0.601087
0.583013
0.590417
0.57105
0.586944
0.575145
0.580778
0.566307
0.55911
0.573532
0.562337
0.59714
0.577499
0.599766
0.594882
0.614542
0.599678
0.61779
0.605178
0.629844
0.612855
0.687354
0.658026
0.653914
0.67868
0.658131
0.65848
0.676259
0.658375
0.704106
0.660695
0.717931
0.672793
0.72744
0.697893
0.723198
0.769866
0.775178
0.816032
0.733696
0.760963
0.69946
0.671965
0.713124
0.681978
0.683813
0.672008
0.691437
0.680323
0.649402
0.689116
0.6686
0.641456
0.635143
0.654411
0.642824
0.649262
0.612701
0.627936
0.618818
0.602504
0.609778
0.59959
0.600823
0.588464
0.5821
0.584847
0.567092
0.57321
0.583845
0.585014
0.587873
0.594018
0.596269
0.606254
0.605895
0.610962
0.61593
0.605977
0.635603
0.678
0.640505
0.660854
0.668161
0.668583
0.638467
0.702801
0.699347
0.66335
0.719537
0.71707
0.694931
0.776726
0.737049
0.745926
0.766897
0.706928
0.752891
0.791868
0.758018
0.834645
0.697822
0.738362
0.716086
0.731956
0.709896
0.66585
0.651021
0.681005
0.733061
0.688463
0.640443
0.653406
0.623184
0.672204
0.616226
0.62137
0.61751
0.617976
0.612151
0.602593
0.608599
0.588888
0.588718
0.591015
0.575387
0.589397
0.565368
0.548025
0.574176
0.565837
0.581356
0.577418
0.595401
0.592127
0.605806
0.597401
0.614634
0.601618
0.620319
0.625602
0.698692
0.662464
0.660534
0.622569
0.681188
0.649223
0.67187
0.67679
0.690602
0.667088
0.731442
0.668573
0.716495
0.695945
0.741342
0.730411
0.788681
0.771856
0.772362
0.733365
0.732186
0.717109
0.746683
0.672723
0.687157
0.660131
0.687457
0.660388
0.671903
0.651938
0.661465
0.629722
0.648551
0.632227
0.636819
0.625919
0.612884
0.604731
0.612701
0.600823
0.603749
0.590162
0.583096
0.576847
0.575387
0.570175
0.563111
0.571289
0.57466
0.575711
0.580696
0.59445
0.599151
0.604641
0.599854
0.616022
0.613712
0.618443
0.632881
0.647286
0.633733
0.659851
0.669989
0.673409
0.686153
0.668991
0.690229
0.72353
0.707993
0.697195
0.719208
0.756279
0.730544
0.746349
0.748746
0.788815
0.820637
0.807656
0.74372
0.77185
0.730082
0.745751
0.704497
0.758489
0.728695
0.690808
0.706782
0.672393
0.647802
0.690736
0.654366
0.633232
0.6485
0.619926
0.61835
0.628225
0.606704
0.608689
0.602504
0.606794
0.586776
0.602593
0.575468
0.583429
0.567328
0.573612
0.563965
0.552689
0.561103
0.557737
0.571688
0.56412
0.578724
0.572809
0.585182
0.573934
0.590759
0.601353
0.587535
0.612199
0.626658
0.634547
0.597201
0.668954
0.580771
0.612233
0.669902
0.604989
0.625677
0.634061
0.615586
0.650791
0.648872
0.687976
0.688867
0.694156
0.70022
0.69951
0.712322
0.667276
0.658781
0.655645
0.627975
0.628833
0.628416
0.595616
0.616609
0.604204
0.63358
0.596668
0.602516
0.640792
0.613208
0.616494
0.600547
0.598976
0.585684
0.59714
0.588972
0.579544
0.581687
0.5678
0.57305
0.565603
0.570175
0.562647
0.554036
0.560488
0.567171
0.568116
0.564354
0.580861
0.573612
0.5821
0.579298
0.583845
0.601795
0.584763
0.604552
0.590759
0.640089
0.616508
0.620064
0.648717
0.625652
0.692886
0.664562
0.646332
0.651906
0.667808
0.630315
0.657645
0.651281
0.694546
0.741851
0.702498
0.739124
0.705283
0.697707
0.699755
0.633494
0.618607
0.629299
0.612968
0.602571
0.638409
0.593871
0.644528
0.643082
0.64999
0.641068
0.636115
0.589898
0.597401
0.596704
0.592727
0.590502
0.579873
0.578888
0.582598
0.570413
0.579708
0.566778
0.571529
0.56226
0.565368
0.562647
0.589736
0.601441
0.594364
0.612609
0.596269
0.620037
0.609324
0.616951
0.619943
0.63338
0.631035
0.643442
0.639319
0.60515
0.645871
0.665412
0.633888
0.620767
0.685024
0.660382
0.691595
0.691737
0.704446
0.66004
0.702656
0.68804
0.675094
0.705016
0.693812
0.78558
0.773666
0.777203
0.729901
0.676686
0.725525
0.691058
0.735296
0.682862
0.73775
0.697078
0.705803
0.606595
0.647638
0.648395
0.620269
0.674431
0.675278
0.655925
0.634461
0.643949
0.629288
0.638023
0.617137
0.617603
0.615374
0.614357
0.608147
0.601353
0.599942
0.596269
0.585852
0.599942
0.605806
0.610689
0.611602
0.612976
0.617883
0.621828
0.630064
0.65498
0.649984
0.63693
0.610174
0.640514
0.662194
0.679228
0.648601
0.68338
0.730022
0.733724
0.732551
0.730148
0.746597
0.681601
0.640246
0.713064
0.78311
0.714628
0.787349
0.816752
0.815115
0.703051
0.764294
0.721547
0.709857
0.724499
0.759008
0.706845
0.757046
0.669404
0.751119
0.609826
0.648485
0.65419
0.667701
0.727375
0.648748
0.634166
0.654351
0.630549
0.632206
0.626398
0.620037
0.608689
0.615281
0.600911
0.606704
0.587281
0.604106
0.569222
0.689069
0.7242
0.695512
0.741793
0.742201
0.755635
0.755213
0.78372
0.774079
0.799493
0.794372
0.805791
0.803577
0.831676
0.816401
0.839351
0.812513
0.84688
0.829021
0.80784
0.830298
0.842328
0.884331
0.906139
0.90223
0.856123
0.88084
0.838465
0.910738
0.934676
0.971289
0.897056
0.95553
0.911937
0.867473
0.891881
0.914421
0.877126
0.877921
0.814136
0.885647
0.878787
0.835183
0.799856
0.860699
0.833365
0.821488
0.816401
0.813162
0.800898
0.800275
0.802469
0.784918
0.763248
0.760832
0.750783
0.742603
0.722026
0.730664
0.6921
0.689766
0.738581
0.734996
0.75605
0.759704
0.774515
0.77437
0.784468
0.788399
0.801999
0.803258
0.811868
0.821654
0.83252
0.822255
0.847698
0.843533
0.890583
0.913577
0.893636
0.872542
0.824891
0.905375
0.874145
0.943871
0.951487
0.908278
0.974747
0.909322
0.973768
1.04341
0.847228
0.920913
0.919372
0.95963
0.906607
0.853355
0.833243
0.812513
0.904276
0.89254
0.906746
0.852377
0.824686
0.839178
0.821488
0.831842
0.807383
0.807701
0.795451
0.802947
0.773789
0.782668
0.755635
0.77174
0.742603
0.752991
0.726511
0.694329
0.692218
0.562217
0.579676
0.571301
0.591744
0.590699
0.600154
0.595796
0.615004
0.592227
0.612321
0.603317
0.615179
0.612579
0.6178
0.617012
0.632444
0.618239
0.636889
0.616371
0.644152
0.608988
0.656229
0.627996
0.637068
0.654485
0.631441
0.65168
0.668644
0.656406
0.71995
0.690617
0.706245
0.63439
0.662192
0.608651
0.644068
0.645652
0.654112
0.617171
0.62103
0.635855
0.629344
0.632598
0.631984
0.628422
0.620798
0.619825
0.616138
0.613703
0.61745
0.604743
0.606007
0.604659
0.605332
0.598832
0.602815
0.584979
0.59425
0.580916
0.570177
0.571977
0.585766
0.594819
0.592549
0.599988
0.59974
0.605922
0.602899
0.610345
0.605332
0.617712
0.616312
0.618239
0.618503
0.626431
0.624722
0.635812
0.659817
0.616364
0.636922
0.622911
0.623495
0.64123
0.629274
0.647808
0.700689
0.669134
0.691704
0.688545
0.713312
0.718073
0.661765
0.673204
0.708007
0.644124
0.66582
0.651973
0.62369
0.616032
0.633549
0.644057
0.644568
0.639323
0.624184
0.63272
0.610088
0.626251
0.609404
0.618943
0.604995
0.612148
0.598091
0.610773
0.596696
0.606429
0.588222
0.598255
0.575992
0.585924
0.570851
0.711486
0.772112
0.645586
0.641871
0.747948
0.812044
0.768837
0.638103
0.660388
0.662702
0.653246
0.951088
0.661492
0.636516
0.630793
0.665236
0.658588
0.901973
0.780007
0.669022
0.663612
0.779028
0.811286
0.826863
0.809027
0.708242
0.660388
0.664931
0.67088
0.677886
0.663714
0.667175
0.649249
0.642439
0.696336
0.879001
0.654327
0.653541
0.655214
0.635958
0.691575
0.834324
0.634751
0.6432
0.644152
0.658389
0.729017
0.863299
0.672124
0.656798
0.693338
0.679262
0.673581
0.762635
0.703317
0.663106
0.664119
0.661593
0.714995
0.848812
0.695556
0.668098
0.653246
0.664626
0.720443
0.785643
0.731223
0.666255
0.682674
0.671294
0.719966
0.873704
0.859208
0.659087
0.641303
0.651095
0.65051
0.66646
0.640641
0.656401
0.639229
0.662299
0.666766
0.923032
0.652658
0.6354
0.643771
0.655708
0.70309
0.76816
0.649151
0.699134
0.645682
0.666357
0.645299
0.870385
0.856331
0.736425
0.667175
0.703772
0.790926
0.771295
0.916998
0.778609
0.732701
0.807975
0.897139
0.906108
0.921273
0.860739
0.687965
0.71429
0.964369
0.781265
0.858024
0.791073
0.671709
0.686662
0.99915
0.737669
0.741319
0.781125
0.659787
0.750921
0.913724
0.764783
0.913143
0.897139
0.710789
0.665338
0.935136
0.873534
0.866743
0.83336
0.666357
0.682352
0.908191
0.95927
0.951088
0.888162
0.73369
0.776666
0.885808
0.88257
0.882217
0.902908
0.674626
0.695334
0.933532
0.902724
0.836244
0.970182
0.828437
0.668303
0.824044
0.754828
0.895108
0.936946
0.786636
0.804384
0.930132
0.851468
0.919323
0.688292
0.684284
0.68075
0.957791
0.711253
0.821867
0.757455
0.761303
0.768837
0.958843
0.674417
0.901414
0.801124
0.675674
0.770883
0.95863
0.736676
0.91507
0.725732
0.682138
0.720801
0.933929
0.748331
0.909706
0.737044
0.669228
0.715348
0.907617
0.737419
0.870209
0.773348
0.751303
0.714056
0.871607
0.708819
0.853646
0.76532
0.866228
0.858193
0.925188
0.816466
0.816311
0.945709
0.861931
0.705485
0.778329
0.760633
0.738677
0.729995
0.71842
0.774452
0.885263
0.713002
0.829865
0.692566
0.780286
0.855323
0.808423
0.835118
0.708242
0.778749
0.906675
0.767344
0.955054
0.691685
0.855824
0.89566
0.775967
0.854816
0.696336
0.814325
0.912569
0.769242
0.902348
0.688074
0.779168
0.825295
0.803199
0.802162
0.773076
0.840445
0.778469
0.777638
0.918742
0.700147
0.761833
0.673685
0.692897
0.700485
0.700147
0.754695
0.756535
0.935136
0.83113
0.710556
0.790352
0.790065
0.721279
0.802015
0.920493
0.937556
0.744997
0.707896
0.821087
0.932531
0.825921
0.775276
0.678944
0.895108
0.884189
0.704456
0.694224
0.810079
0.719846
0.908757
0.704456
0.73369
0.881496
0.778749
0.78621
0.693338
0.723921
0.797894
0.758514
0.88998
0.680964
0.716763
0.86057
0.685147
0.774591
0.729873
0.732948
0.861423
0.694446
0.828754
0.685579
0.692235
0.916226
0.78465
0.799064
0.686228
0.670777
0.661291
0.763172
0.848812
0.71137
0.708819
0.964796
0.807975
0.75627
0.713939
0.68075
0.798623
0.791213
0.910663
0.713353
0.759309
0.836082
0.770338
0.867604
0.681711
0.673685
0.87494
0.747558
0.878825
0.729995
0.729139
0.861077
0.691135
0.779168
0.712652
0.69846
0.887618
0.725369
0.779168
0.696224
0.71429
0.751303
0.778749
0.907617
0.693007
0.723439
0.833683
0.768021
0.887073
0.779308
0.698349
0.851806
0.850636
0.694557
0.698124
0.820932
0.933127
0.707436
0.690806
0.738927
0.888707
0.722837
0.683962
0.772664
0.975619
0.770066
0.694335
0.711602
0.742201
0.721758
0.689929
0.718539
0.76613
0.709745
0.681817
0.737544
0.973
0.808725
0.843705
0.809924
0.957997
0.78451
0.798041
0.728528
0.907241
0.803641
0.828128
0.827812
0.986914
0.659487
0.854485
0.835928
0.904791
0.707781
0.680644
0.738169
0.903658
0.732454
0.660589
0.859547
0.746793
0.745895
0.672124
0.750141
0.77376
0.712886
0.702749
0.753651
0.934731
0.710324
0.676305
0.732208
0.941611
0.743857
0.666663
0.748978
0.898802
0.661896
0.682246
0.681711
0.818614
0.660187
0.655906
0.654426
0.929536
0.667892
0.681284
0.650024
0.860908
0.686878
0.666561
0.668611
0.742584
0.702976
0.710672
0.861931
0.645203
0.669022
0.638572
0.668303
0.919713
0.820623
0.669847
0.799064
0.930934
0.816466
0.72865
0.643104
0.837694
0.651193
0.637449
0.659787
0.967592
0.653443
0.661896
0.806025
0.870209
0.666868
0.67057
0.659487
0.858701
0.67662
0.681177
0.714995
0.695779
0.74577
0.643485
0.644534
0.662198
0.652071
0.656401
0.640547
0.815391
0.655708
0.696113
0.691575
0.888162
0.645107
0.656896
0.652071
0.894733
